3503.3 7.0710678118654755 90.0
4348.436734693878 7.0710678118654755 90.0
5193.573469387755 7.0710678118654755 90.0
6038.710204081633 7.0710678118654755 90.0
6883.84693877551 7.0710678118654755 90.0
7728.983673469388 7.0710678118654755 90.0
8574.120408163264 7.0710678118654755 90.0
9419.257142857143 7.0710678118654755 90.0
10264.393877551021 7.0710678118654755 90.0
11109.530612244898 7.0710678118654755 90.0
11954.667346938775 7.0710678118654755 90.0
12799.804081632654 7.0710678118654755 90.0
13644.940816326529 7.0710678118654755 90.0
14490.077551020408 7.0710678118654755 90.0
15335.214285714286 7.0710678118654755 90.0
16180.351020408165 7.0710678118654755 90.0
17025.48775510204 7.0710678118654755 90.0
17870.62448979592 7.0710678118654755 90.0
18715.761224489797 7.0710678118654755 90.0
19560.897959183672 7.0710678118654755 90.0
20406.03469387755 7.0710678118654755 90.0
21251.171428571426 7.0710678118654755 90.0
22096.308163265305 7.0710678118654755 90.0
22941.444897959183 7.0710678118654755 90.0
23786.58163265306 7.0710678118654755 90.0
24631.718367346937 7.0710678118654755 90.0
25476.855102040816 7.0710678118654755 90.0
26321.991836734695 7.0710678118654755 90.0
27167.12857142857 7.0710678118654755 90.0
28012.26530612245 7.0710678118654755 90.0
28857.402040816327 7.0710678118654755 90.0
29702.538775510202 7.0710678118654755 90.0
30547.67551020408 7.0710678118654755 90.0
31392.81224489796 7.0710678118654755 90.0
32237.948979591834 7.0710678118654755 90.0
33083.08571428571 7.0710678118654755 90.0
33928.22244897959 7.0710678118654755 90.0
34773.35918367347 7.0710678118654755 90.0
35618.49591836735 7.0710678118654755 90.0
36463.63265306123 7.0710678118654755 90.0
37308.76938775511 7.0710678118654755 90.0
38153.906122448985 7.0710678118654755 90.0
38999.04285714286 7.0710678118654755 90.0
39844.179591836735 7.0710678118654755 90.0
40689.316326530614 7.0710678118654755 90.0
41534.45306122449 7.0710678118654755 90.0
42379.58979591837 7.0710678118654755 90.0
43224.72653061225 7.0710678118654755 90.0
44069.86326530612 7.0710678118654755 90.0
44915.0 7.0710678118654755 90.0
