4130.75 0.0 90.0
5176.5 0.0 90.0
6222.25 0.0 90.0
7268.0 0.0 90.0
8313.75 0.0 90.0
9359.5 0.0 90.0
10405.25 0.0 90.0
11451.0 0.0 90.0
12496.75 0.0 90.0
13542.5 0.0 90.0
14588.25 0.0 90.0
15634.0 0.0 90.0
16679.75 0.0 90.0
17725.5 0.0 90.0
18771.25 0.0 90.0
19817.0 0.0 90.0
20862.75 0.0 90.0
21908.5 0.0 90.0
22954.25 0.0 90.0
24000.0 0.0 90.0
25045.75 0.0 90.0
26091.5 0.0 90.0
27137.25 0.0 90.0
28183.0 0.0 90.0
29228.75 0.0 90.0
30274.5 0.0 90.0
31320.25 0.0 90.0
32366.0 0.0 90.0
33411.75 0.0 90.0
34457.5 0.0 90.0
35503.25 0.0 90.0
36549.0 0.0 90.0
37594.75 0.0 90.0
38640.5 0.0 90.0
39686.25 0.0 90.0
40732.0 0.0 90.0
41777.75 0.0 90.0
42823.5 0.0 90.0
43869.25 0.0 90.0
44915.0 0.0 90.0
