3503.3 6.831668187008541 83.75786723732136
4348.436734693878 7.522763538916416 87.47830467781424
5193.573469387755 9.523856582028488 98.2848123599911
6038.710204081633 7.925279632301668 89.80339867513602
6883.84693877551 6.598197100923092 84.74180208220551
7728.983673469388 7.400611953225796 84.67919032392258
8574.120408163264 9.309384528953178 95.39234472339953
9419.257142857143 6.544088782909098 80.32467919881672
10264.393877551021 6.49844711812675 98.55785327476404
11109.530612244898 5.087863067812816 93.64071435705166
11954.667346938775 8.683467276511635 106.00042729335223
12799.804081632654 7.865257989561727 87.43205752477854
13644.940816326529 5.641346937780412 110.13421895593987
14490.077551020408 7.105453793137658 87.14916151758518
15335.214285714286 5.586956543151329 68.35939903859989
16180.351020408165 6.7944471698249735 98.47043385399635
17025.48775510204 5.43993073742747 107.2882885370029
17870.62448979592 4.995597985622076 82.9449523362552
18715.761224489797 7.213808623118984 93.89248827200416
19560.897959183672 7.752316979633843 87.70739168690287
20406.03469387755 4.717268364757073 88.89130856764727
21251.171428571426 6.129046942412652 62.962312141535726
22096.308163265305 4.851080575188056 96.66657121665233
22941.444897959183 7.346958725556814 79.81211947087786
23786.58163265306 4.865720523475483 69.92579004339463
24631.718367346937 8.172598950673994 87.11449022655792
25476.855102040816 6.7548462617554685 89.7849166770892
26321.991836734695 6.866639031536294 100.60272871144886
27167.12857142857 9.730915391851337 96.30063237333577
28012.26530612245 7.438024617745021 78.46030773559549
28857.402040816327 8.712401193790193 94.07230253903431
29702.538775510202 7.83426591775567 77.3525285882548
30547.67551020408 6.5151034970504895 83.68677648613486
31392.81224489796 9.179293468403134 88.35174108518069
32237.948979591834 7.158787822796485 108.696169382698
33083.08571428571 6.539519894823822 71.5478521526937
33928.22244897959 8.379944368978178 87.60736598782118
34773.35918367347 6.180590594526334 100.12045421272376
35618.49591836735 7.74694129888097 104.3849373778351
36463.63265306123 6.438873407964535 98.12161384575242
37308.76938775511 8.651527445164831 91.4814489469599
38153.906122448985 5.801652971549551 100.56411798627374
38999.04285714286 7.935289956676699 75.82240253260073
39844.179591836735 6.638007973607418 87.74452959213593
40689.316326530614 4.569815841542037 116.13523232212853
41534.45306122449 5.3403594448076 81.97227983345888
42379.58979591837 7.695076210884261 83.87861489491281
43224.72653061225 7.761655216419576 86.76040290065094
44069.86326530612 7.2589984684256805 99.91212454893892
44915.0 8.644837671551919 83.08318808594322
