0.0 -9000.0 1.0
0.0 -8700.0 1.0
0.0 -8400.0 1.0
0.0 -8100.0 1.0
0.0 -7800.0 1.0
0.0 -7500.0 1.0
0.0 -7200.0 1.0
0.0 -6900.0 1.0
0.0 -6600.0 1.0
0.0 -6300.0 1.0
0.0 -6000.0 1.0
0.0 -5700.0 1.0
0.0 -5400.0 1.0
0.0 -5100.0 1.0
0.0 -4800.0 1.0
0.0 -4500.0 1.0
0.0 -4200.0 1.0
0.0 -3900.0 1.0
0.0 -3600.0 1.0
0.0 -3300.0 1.0
0.0 -3000.0 1.0
0.0 -2700.0 1.0
0.0 -2400.0 1.0
0.0 -2100.0 1.0
0.0 -1800.0 1.0
0.0 -1500.0 1.0
0.0 -1200.0 1.0
0.0 -900.0 1.0
0.0 -600.0 1.0
0.0 -300.0 1.0
0.0 0.0 1.0
0.0 300.0 1.0
0.0 600.0 1.0
0.0 900.0 1.0
0.0 1200.0 1.0
0.0 1500.0 1.0
0.0 1800.0 1.0
0.0 2100.0 1.0
0.0 2400.0 1.0
0.0 2700.0 1.0
0.0 3000.0 1.0
0.0 3300.0 1.0
0.0 3600.0 1.0
0.0 3900.0 1.0
0.0 4200.0 1.0
0.0 4500.0 1.0
0.0 4800.0 1.0
0.0 5100.0 1.0
0.0 5400.0 1.0
0.0 5700.0 1.0
0.0 6000.0 1.0
0.0 6300.0 1.0
0.0 6600.0 1.0
0.0 6900.0 1.0
0.0 7200.0 1.0
0.0 7500.0 1.0
0.0 7800.0 1.0
0.0 8100.0 1.0
0.0 8400.0 1.0
0.0 8700.0 1.0
0.0 9000.0 1.0
300.0 -9000.0 1.0
300.0 -8700.0 1.0
300.0 -8400.0 1.0
300.0 -8100.0 1.0
300.0 -7800.0 1.0
300.0 -7500.0 1.0
300.0 -7200.0 1.0
300.0 -6900.0 1.0
300.0 -6600.0 1.0
300.0 -6300.0 1.0
300.0 -6000.0 1.0
300.0 -5700.0 1.0
300.0 -5400.0 1.0
300.0 -5100.0 1.0
300.0 -4800.0 1.0
300.0 -4500.0 1.0
300.0 -4200.0 1.0
300.0 -3900.0 1.0
300.0 -3600.0 1.0
300.0 -3300.0 1.0
300.0 -3000.0 1.0
300.0 -2700.0 1.0
300.0 -2400.0 1.0
300.0 -2100.0 1.0
300.0 -1800.0 1.0
300.0 -1500.0 1.0
300.0 -1200.0 1.0
300.0 -900.0 1.0
300.0 -600.0 1.0
300.0 -300.0 1.0
300.0 0.0 1.0
300.0 300.0 1.0
300.0 600.0 1.0
300.0 900.0 1.0
300.0 1200.0 1.0
300.0 1500.0 1.0
300.0 1800.0 1.0
300.0 2100.0 1.0
300.0 2400.0 1.0
300.0 2700.0 1.0
300.0 3000.0 1.0
300.0 3300.0 1.0
300.0 3600.0 1.0
300.0 3900.0 1.0
300.0 4200.0 1.0
300.0 4500.0 1.0
300.0 4800.0 1.0
300.0 5100.0 1.0
300.0 5400.0 1.0
300.0 5700.0 1.0
300.0 6000.0 1.0
300.0 6300.0 1.0
300.0 6600.0 1.0
300.0 6900.0 1.0
300.0 7200.0 1.0
300.0 7500.0 1.0
300.0 7800.0 1.0
300.0 8100.0 1.0
300.0 8400.0 1.0
300.0 8700.0 1.0
300.0 9000.0 1.0
600.0 -9000.0 1.0
600.0 -8700.0 1.0
600.0 -8400.0 1.0
600.0 -8100.0 1.0
600.0 -7800.0 1.0
600.0 -7500.0 1.0
600.0 -7200.0 1.0
600.0 -6900.0 1.0
600.0 -6600.0 1.0
600.0 -6300.0 1.0
600.0 -6000.0 1.0
600.0 -5700.0 1.0
600.0 -5400.0 1.0
600.0 -5100.0 1.0
600.0 -4800.0 1.0
600.0 -4500.0 1.0
600.0 -4200.0 1.0
600.0 -3900.0 1.0
600.0 -3600.0 1.0
600.0 -3300.0 1.0
600.0 -3000.0 1.0
600.0 -2700.0 1.0
600.0 -2400.0 1.0
600.0 -2100.0 1.0
600.0 -1800.0 1.0
600.0 -1500.0 1.0
600.0 -1200.0 1.0
600.0 -900.0 1.0
600.0 -600.0 1.0
600.0 -300.0 1.0
600.0 0.0 1.0
600.0 300.0 1.0
600.0 600.0 1.0
600.0 900.0 1.0
600.0 1200.0 1.0
600.0 1500.0 1.0
600.0 1800.0 1.0
600.0 2100.0 1.0
600.0 2400.0 1.0
600.0 2700.0 1.0
600.0 3000.0 1.0
600.0 3300.0 1.0
600.0 3600.0 1.0
600.0 3900.0 1.0
600.0 4200.0 1.0
600.0 4500.0 1.0
600.0 4800.0 1.0
600.0 5100.0 1.0
600.0 5400.0 1.0
600.0 5700.0 1.0
600.0 6000.0 1.0
600.0 6300.0 1.0
600.0 6600.0 1.0
600.0 6900.0 1.0
600.0 7200.0 1.0
600.0 7500.0 1.0
600.0 7800.0 1.0
600.0 8100.0 1.0
600.0 8400.0 1.0
600.0 8700.0 1.0
600.0 9000.0 1.0
900.0 -9000.0 1.0
900.0 -8700.0 1.0
900.0 -8400.0 1.0
900.0 -8100.0 1.0
900.0 -7800.0 1.0
900.0 -7500.0 1.0
900.0 -7200.0 1.0
900.0 -6900.0 1.0
900.0 -6600.0 1.0
900.0 -6300.0 1.0
900.0 -6000.0 1.0
900.0 -5700.0 1.0
900.0 -5400.0 1.0
900.0 -5100.0 1.0
900.0 -4800.0 1.0
900.0 -4500.0 1.0
900.0 -4200.0 1.0
900.0 -3900.0 1.0
900.0 -3600.0 1.0
900.0 -3300.0 1.0
900.0 -3000.0 1.0
900.0 -2700.0 1.0
900.0 -2400.0 1.0
900.0 -2100.0 1.0
900.0 -1800.0 1.0
900.0 -1500.0 1.0
900.0 -1200.0 1.0
900.0 -900.0 1.0
900.0 -600.0 1.0
900.0 -300.0 1.0
900.0 0.0 1.0
900.0 300.0 1.0
900.0 600.0 1.0
900.0 900.0 1.0
900.0 1200.0 1.0
900.0 1500.0 1.0
900.0 1800.0 1.0
900.0 2100.0 1.0
900.0 2400.0 1.0
900.0 2700.0 1.0
900.0 3000.0 1.0
900.0 3300.0 1.0
900.0 3600.0 1.0
900.0 3900.0 1.0
900.0 4200.0 1.0
900.0 4500.0 1.0
900.0 4800.0 1.0
900.0 5100.0 1.0
900.0 5400.0 1.0
900.0 5700.0 1.0
900.0 6000.0 1.0
900.0 6300.0 1.0
900.0 6600.0 1.0
900.0 6900.0 1.0
900.0 7200.0 1.0
900.0 7500.0 1.0
900.0 7800.0 1.0
900.0 8100.0 1.0
900.0 8400.0 1.0
900.0 8700.0 1.0
900.0 9000.0 1.0
1200.0 -9000.0 1.0
1200.0 -8700.0 1.0
1200.0 -8400.0 1.0
1200.0 -8100.0 1.0
1200.0 -7800.0 1.0
1200.0 -7500.0 1.0
1200.0 -7200.0 1.0
1200.0 -6900.0 1.0
1200.0 -6600.0 1.0
1200.0 -6300.0 1.0
1200.0 -6000.0 1.0
1200.0 -5700.0 1.0
1200.0 -5400.0 1.0
1200.0 -5100.0 1.0
1200.0 -4800.0 1.0
1200.0 -4500.0 1.0
1200.0 -4200.0 1.0
1200.0 -3900.0 1.0
1200.0 -3600.0 1.0
1200.0 -3300.0 1.0
1200.0 -3000.0 1.0
1200.0 -2700.0 1.0
1200.0 -2400.0 1.0
1200.0 -2100.0 1.0
1200.0 -1800.0 1.0
1200.0 -1500.0 1.0
1200.0 -1200.0 1.0
1200.0 -900.0 1.0
1200.0 -600.0 1.0
1200.0 -300.0 1.0
1200.0 0.0 1.0
1200.0 300.0 1.0
1200.0 600.0 1.0
1200.0 900.0 1.0
1200.0 1200.0 1.0
1200.0 1500.0 1.0
1200.0 1800.0 1.0
1200.0 2100.0 1.0
1200.0 2400.0 1.0
1200.0 2700.0 1.0
1200.0 3000.0 1.0
1200.0 3300.0 1.0
1200.0 3600.0 1.0
1200.0 3900.0 1.0
1200.0 4200.0 1.0
1200.0 4500.0 1.0
1200.0 4800.0 1.0
1200.0 5100.0 1.0
1200.0 5400.0 1.0
1200.0 5700.0 1.0
1200.0 6000.0 1.0
1200.0 6300.0 1.0
1200.0 6600.0 1.0
1200.0 6900.0 1.0
1200.0 7200.0 1.0
1200.0 7500.0 1.0
1200.0 7800.0 1.0
1200.0 8100.0 1.0
1200.0 8400.0 1.0
1200.0 8700.0 1.0
1200.0 9000.0 1.0
1500.0 -9000.0 1.0
1500.0 -8700.0 1.0
1500.0 -8400.0 1.0
1500.0 -8100.0 1.0
1500.0 -7800.0 1.0
1500.0 -7500.0 1.0
1500.0 -7200.0 1.0
1500.0 -6900.0 1.0
1500.0 -6600.0 1.0
1500.0 -6300.0 1.0
1500.0 -6000.0 1.0
1500.0 -5700.0 1.0
1500.0 -5400.0 1.0
1500.0 -5100.0 1.0
1500.0 -4800.0 1.0
1500.0 -4500.0 1.0
1500.0 -4200.0 1.0
1500.0 -3900.0 1.0
1500.0 -3600.0 1.0
1500.0 -3300.0 1.0
1500.0 -3000.0 1.0
1500.0 -2700.0 1.0
1500.0 -2400.0 1.0
1500.0 -2100.0 1.0
1500.0 -1800.0 1.0
1500.0 -1500.0 1.0
1500.0 -1200.0 1.0
1500.0 -900.0 1.0
1500.0 -600.0 1.0
1500.0 -300.0 1.0
1500.0 0.0 1.0
1500.0 300.0 1.0
1500.0 600.0 1.0
1500.0 900.0 1.0
1500.0 1200.0 1.0
1500.0 1500.0 1.0
1500.0 1800.0 1.0
1500.0 2100.0 1.0
1500.0 2400.0 1.0
1500.0 2700.0 1.0
1500.0 3000.0 1.0
1500.0 3300.0 1.0
1500.0 3600.0 1.0
1500.0 3900.0 1.0
1500.0 4200.0 1.0
1500.0 4500.0 1.0
1500.0 4800.0 1.0
1500.0 5100.0 1.0
1500.0 5400.0 1.0
1500.0 5700.0 1.0
1500.0 6000.0 1.0
1500.0 6300.0 1.0
1500.0 6600.0 1.0
1500.0 6900.0 1.0
1500.0 7200.0 1.0
1500.0 7500.0 1.0
1500.0 7800.0 1.0
1500.0 8100.0 1.0
1500.0 8400.0 1.0
1500.0 8700.0 1.0
1500.0 9000.0 1.0
1800.0 -9000.0 1.0
1800.0 -8700.0 1.0
1800.0 -8400.0 1.0
1800.0 -8100.0 1.0
1800.0 -7800.0 1.0
1800.0 -7500.0 1.0
1800.0 -7200.0 1.0
1800.0 -6900.0 1.0
1800.0 -6600.0 1.0
1800.0 -6300.0 1.0
1800.0 -6000.0 1.0
1800.0 -5700.0 1.0
1800.0 -5400.0 1.0
1800.0 -5100.0 1.0
1800.0 -4800.0 1.0
1800.0 -4500.0 1.0
1800.0 -4200.0 1.0
1800.0 -3900.0 1.0
1800.0 -3600.0 1.0
1800.0 -3300.0 1.0
1800.0 -3000.0 1.0
1800.0 -2700.0 1.0
1800.0 -2400.0 1.0
1800.0 -2100.0 1.0
1800.0 -1800.0 1.0
1800.0 -1500.0 1.0
1800.0 -1200.0 1.0
1800.0 -900.0 1.0
1800.0 -600.0 1.0
1800.0 -300.0 1.0
1800.0 0.0 1.0
1800.0 300.0 1.0
1800.0 600.0 1.0
1800.0 900.0 1.0
1800.0 1200.0 1.0
1800.0 1500.0 1.0
1800.0 1800.0 1.0
1800.0 2100.0 1.0
1800.0 2400.0 1.0
1800.0 2700.0 1.0
1800.0 3000.0 1.0
1800.0 3300.0 1.0
1800.0 3600.0 1.0
1800.0 3900.0 1.0
1800.0 4200.0 1.0
1800.0 4500.0 1.0
1800.0 4800.0 1.0
1800.0 5100.0 1.0
1800.0 5400.0 1.0
1800.0 5700.0 1.0
1800.0 6000.0 1.0
1800.0 6300.0 1.0
1800.0 6600.0 1.0
1800.0 6900.0 1.0
1800.0 7200.0 1.0
1800.0 7500.0 1.0
1800.0 7800.0 1.0
1800.0 8100.0 1.0
1800.0 8400.0 1.0
1800.0 8700.0 1.0
1800.0 9000.0 1.0
2100.0 -9000.0 1.0
2100.0 -8700.0 1.0
2100.0 -8400.0 1.0
2100.0 -8100.0 1.0
2100.0 -7800.0 1.0
2100.0 -7500.0 1.0
2100.0 -7200.0 1.0
2100.0 -6900.0 1.0
2100.0 -6600.0 1.0
2100.0 -6300.0 1.0
2100.0 -6000.0 1.0
2100.0 -5700.0 1.0
2100.0 -5400.0 1.0
2100.0 -5100.0 1.0
2100.0 -4800.0 1.0
2100.0 -4500.0 1.0
2100.0 -4200.0 1.0
2100.0 -3900.0 1.0
2100.0 -3600.0 1.0
2100.0 -3300.0 1.0
2100.0 -3000.0 1.0
2100.0 -2700.0 1.0
2100.0 -2400.0 1.0
2100.0 -2100.0 1.0
2100.0 -1800.0 1.0
2100.0 -1500.0 1.0
2100.0 -1200.0 1.0
2100.0 -900.0 1.0
2100.0 -600.0 1.0
2100.0 -300.0 1.0
2100.0 0.0 1.0
2100.0 300.0 1.0
2100.0 600.0 1.0
2100.0 900.0 1.0
2100.0 1200.0 1.0
2100.0 1500.0 1.0
2100.0 1800.0 1.0
2100.0 2100.0 1.0
2100.0 2400.0 1.0
2100.0 2700.0 1.0
2100.0 3000.0 1.0
2100.0 3300.0 1.0
2100.0 3600.0 1.0
2100.0 3900.0 1.0
2100.0 4200.0 1.0
2100.0 4500.0 1.0
2100.0 4800.0 1.0
2100.0 5100.0 1.0
2100.0 5400.0 1.0
2100.0 5700.0 1.0
2100.0 6000.0 1.0
2100.0 6300.0 1.0
2100.0 6600.0 1.0
2100.0 6900.0 1.0
2100.0 7200.0 1.0
2100.0 7500.0 1.0
2100.0 7800.0 1.0
2100.0 8100.0 1.0
2100.0 8400.0 1.0
2100.0 8700.0 1.0
2100.0 9000.0 1.0
2400.0 -9000.0 1.0
2400.0 -8700.0 1.0
2400.0 -8400.0 1.0
2400.0 -8100.0 1.0
2400.0 -7800.0 1.0
2400.0 -7500.0 1.0
2400.0 -7200.0 1.0
2400.0 -6900.0 1.0
2400.0 -6600.0 1.0
2400.0 -6300.0 1.0
2400.0 -6000.0 1.0
2400.0 -5700.0 1.0
2400.0 -5400.0 1.0
2400.0 -5100.0 1.0
2400.0 -4800.0 1.0
2400.0 -4500.0 1.0
2400.0 -4200.0 1.0
2400.0 -3900.0 1.0
2400.0 -3600.0 1.0
2400.0 -3300.0 1.0
2400.0 -3000.0 1.0
2400.0 -2700.0 1.0
2400.0 -2400.0 1.0
2400.0 -2100.0 1.0
2400.0 -1800.0 1.0
2400.0 -1500.0 1.0
2400.0 -1200.0 1.0
2400.0 -900.0 1.0
2400.0 -600.0 1.0
2400.0 -300.0 1.0
2400.0 0.0 1.0
2400.0 300.0 1.0
2400.0 600.0 1.0
2400.0 900.0 1.0
2400.0 1200.0 1.0
2400.0 1500.0 1.0
2400.0 1800.0 1.0
2400.0 2100.0 1.0
2400.0 2400.0 1.0
2400.0 2700.0 1.0
2400.0 3000.0 1.0
2400.0 3300.0 1.0
2400.0 3600.0 1.0
2400.0 3900.0 1.0
2400.0 4200.0 1.0
2400.0 4500.0 1.0
2400.0 4800.0 1.0
2400.0 5100.0 1.0
2400.0 5400.0 1.0
2400.0 5700.0 1.0
2400.0 6000.0 1.0
2400.0 6300.0 1.0
2400.0 6600.0 1.0
2400.0 6900.0 1.0
2400.0 7200.0 1.0
2400.0 7500.0 1.0
2400.0 7800.0 1.0
2400.0 8100.0 1.0
2400.0 8400.0 1.0
2400.0 8700.0 1.0
2400.0 9000.0 1.0
2700.0 -9000.0 1.0
2700.0 -8700.0 1.0
2700.0 -8400.0 1.0
2700.0 -8100.0 1.0
2700.0 -7800.0 1.0
2700.0 -7500.0 1.0
2700.0 -7200.0 1.0
2700.0 -6900.0 1.0
2700.0 -6600.0 1.0
2700.0 -6300.0 1.0
2700.0 -6000.0 1.0
2700.0 -5700.0 1.0
2700.0 -5400.0 1.0
2700.0 -5100.0 1.0
2700.0 -4800.0 1.0
2700.0 -4500.0 1.0
2700.0 -4200.0 1.0
2700.0 -3900.0 1.0
2700.0 -3600.0 1.0
2700.0 -3300.0 1.0
2700.0 -3000.0 1.0
2700.0 -2700.0 1.0
2700.0 -2400.0 1.0
2700.0 -2100.0 1.0
2700.0 -1800.0 1.0
2700.0 -1500.0 1.0
2700.0 -1200.0 1.0
2700.0 -900.0 1.0
2700.0 -600.0 1.0
2700.0 -300.0 1.0
2700.0 0.0 1.0
2700.0 300.0 1.0
2700.0 600.0 1.0
2700.0 900.0 1.0
2700.0 1200.0 1.0
2700.0 1500.0 1.0
2700.0 1800.0 1.0
2700.0 2100.0 1.0
2700.0 2400.0 1.0
2700.0 2700.0 1.0
2700.0 3000.0 1.0
2700.0 3300.0 1.0
2700.0 3600.0 1.0
2700.0 3900.0 1.0
2700.0 4200.0 1.0
2700.0 4500.0 1.0
2700.0 4800.0 1.0
2700.0 5100.0 1.0
2700.0 5400.0 1.0
2700.0 5700.0 1.0
2700.0 6000.0 1.0
2700.0 6300.0 1.0
2700.0 6600.0 1.0
2700.0 6900.0 1.0
2700.0 7200.0 1.0
2700.0 7500.0 1.0
2700.0 7800.0 1.0
2700.0 8100.0 1.0
2700.0 8400.0 1.0
2700.0 8700.0 1.0
2700.0 9000.0 1.0
3000.0 -9000.0 1.0
3000.0 -8700.0 1.0
3000.0 -8400.0 1.0
3000.0 -8100.0 1.0
3000.0 -7800.0 1.0
3000.0 -7500.0 1.0
3000.0 -7200.0 1.0
3000.0 -6900.0 1.0
3000.0 -6600.0 1.0
3000.0 -6300.0 1.0
3000.0 -6000.0 1.0
3000.0 -5700.0 1.0
3000.0 -5400.0 1.0
3000.0 -5100.0 1.0
3000.0 -4800.0 1.0
3000.0 -4500.0 1.0
3000.0 -4200.0 1.0
3000.0 -3900.0 1.0
3000.0 -3600.0 1.0
3000.0 -3300.0 1.0
3000.0 -3000.0 1.0
3000.0 -2700.0 1.0
3000.0 -2400.0 1.0
3000.0 -2100.0 1.0
3000.0 -1800.0 1.0
3000.0 -1500.0 1.0
3000.0 -1200.0 1.0
3000.0 -900.0 1.0
3000.0 -600.0 1.0
3000.0 -300.0 1.0
3000.0 0.0 1.0
3000.0 300.0 1.0
3000.0 600.0 1.0
3000.0 900.0 1.0
3000.0 1200.0 1.0
3000.0 1500.0 1.0
3000.0 1800.0 1.0
3000.0 2100.0 1.0
3000.0 2400.0 1.0
3000.0 2700.0 1.0
3000.0 3000.0 1.0
3000.0 3300.0 1.0
3000.0 3600.0 1.0
3000.0 3900.0 1.0
3000.0 4200.0 1.0
3000.0 4500.0 1.0
3000.0 4800.0 1.0
3000.0 5100.0 1.0
3000.0 5400.0 1.0
3000.0 5700.0 1.0
3000.0 6000.0 1.0
3000.0 6300.0 1.0
3000.0 6600.0 1.0
3000.0 6900.0 1.0
3000.0 7200.0 1.0
3000.0 7500.0 1.0
3000.0 7800.0 1.0
3000.0 8100.0 1.0
3000.0 8400.0 1.0
3000.0 8700.0 1.0
3000.0 9000.0 1.0
3300.0 -9000.0 1.0
3300.0 -8700.0 1.0
3300.0 -8400.0 1.0
3300.0 -8100.0 1.0
3300.0 -7800.0 1.0
3300.0 -7500.0 1.0
3300.0 -7200.0 1.0
3300.0 -6900.0 1.0
3300.0 -6600.0 1.0
3300.0 -6300.0 1.0
3300.0 -6000.0 1.0
3300.0 -5700.0 1.0
3300.0 -5400.0 1.0
3300.0 -5100.0 1.0
3300.0 -4800.0 1.0
3300.0 -4500.0 1.0
3300.0 -4200.0 1.0
3300.0 -3900.0 1.0
3300.0 -3600.0 1.0
3300.0 -3300.0 1.0
3300.0 -3000.0 1.0
3300.0 -2700.0 1.0
3300.0 -2400.0 1.0
3300.0 -2100.0 1.0
3300.0 -1800.0 1.0
3300.0 -1500.0 1.0
3300.0 -1200.0 1.0
3300.0 -900.0 1.0
3300.0 -600.0 1.0
3300.0 -300.0 1.0
3300.0 0.0 1.0
3300.0 300.0 1.0
3300.0 600.0 1.0
3300.0 900.0 1.0
3300.0 1200.0 1.0
3300.0 1500.0 1.0
3300.0 1800.0 1.0
3300.0 2100.0 1.0
3300.0 2400.0 1.0
3300.0 2700.0 1.0
3300.0 3000.0 1.0
3300.0 3300.0 1.0
3300.0 3600.0 1.0
3300.0 3900.0 1.0
3300.0 4200.0 1.0
3300.0 4500.0 1.0
3300.0 4800.0 1.0
3300.0 5100.0 1.0
3300.0 5400.0 1.0
3300.0 5700.0 1.0
3300.0 6000.0 1.0
3300.0 6300.0 1.0
3300.0 6600.0 1.0
3300.0 6900.0 1.0
3300.0 7200.0 1.0
3300.0 7500.0 1.0
3300.0 7800.0 1.0
3300.0 8100.0 1.0
3300.0 8400.0 1.0
3300.0 8700.0 1.0
3300.0 9000.0 1.0
3600.0 -9000.0 1.0
3600.0 -8700.0 1.0
3600.0 -8400.0 1.0
3600.0 -8100.0 1.0
3600.0 -7800.0 1.0
3600.0 -7500.0 1.0
3600.0 -7200.0 1.0
3600.0 -6900.0 1.0
3600.0 -6600.0 1.0
3600.0 -6300.0 1.0
3600.0 -6000.0 1.0
3600.0 -5700.0 1.0
3600.0 -5400.0 1.0
3600.0 -5100.0 1.0
3600.0 -4800.0 1.0
3600.0 -4500.0 1.0
3600.0 -4200.0 1.0
3600.0 -3900.0 1.0
3600.0 -3600.0 1.0
3600.0 -3300.0 1.0
3600.0 -3000.0 1.0
3600.0 -2700.0 1.0
3600.0 -2400.0 1.0
3600.0 -2100.0 1.0
3600.0 -1800.0 1.0
3600.0 -1500.0 1.0
3600.0 -1200.0 1.0
3600.0 -900.0 1.0
3600.0 -600.0 1.0
3600.0 -300.0 1.0
3600.0 0.0 1.0
3600.0 300.0 1.0
3600.0 600.0 1.0
3600.0 900.0 1.0
3600.0 1200.0 1.0
3600.0 1500.0 1.0
3600.0 1800.0 1.0
3600.0 2100.0 1.0
3600.0 2400.0 1.0
3600.0 2700.0 1.0
3600.0 3000.0 1.0
3600.0 3300.0 1.0
3600.0 3600.0 1.0
3600.0 3900.0 1.0
3600.0 4200.0 1.0
3600.0 4500.0 1.0
3600.0 4800.0 1.0
3600.0 5100.0 1.0
3600.0 5400.0 1.0
3600.0 5700.0 1.0
3600.0 6000.0 1.0
3600.0 6300.0 1.0
3600.0 6600.0 1.0
3600.0 6900.0 1.0
3600.0 7200.0 1.0
3600.0 7500.0 1.0
3600.0 7800.0 1.0
3600.0 8100.0 1.0
3600.0 8400.0 1.0
3600.0 8700.0 1.0
3600.0 9000.0 1.0
3900.0 -9000.0 1.0
3900.0 -8700.0 1.0
3900.0 -8400.0 1.0
3900.0 -8100.0 1.0
3900.0 -7800.0 1.0
3900.0 -7500.0 1.0
3900.0 -7200.0 1.0
3900.0 -6900.0 1.0
3900.0 -6600.0 1.0
3900.0 -6300.0 1.0
3900.0 -6000.0 1.0
3900.0 -5700.0 1.0
3900.0 -5400.0 1.0
3900.0 -5100.0 1.0
3900.0 -4800.0 1.0
3900.0 -4500.0 1.0
3900.0 -4200.0 1.0
3900.0 -3900.0 1.0
3900.0 -3600.0 1.0
3900.0 -3300.0 1.0
3900.0 -3000.0 1.0
3900.0 -2700.0 1.0
3900.0 -2400.0 1.0
3900.0 -2100.0 1.0
3900.0 -1800.0 1.0
3900.0 -1500.0 1.0
3900.0 -1200.0 1.0
3900.0 -900.0 1.0
3900.0 -600.0 1.0
3900.0 -300.0 1.0
3900.0 0.0 1.0
3900.0 300.0 1.0
3900.0 600.0 1.0
3900.0 900.0 1.0
3900.0 1200.0 1.0
3900.0 1500.0 1.0
3900.0 1800.0 1.0
3900.0 2100.0 1.0
3900.0 2400.0 1.0
3900.0 2700.0 1.0
3900.0 3000.0 1.0
3900.0 3300.0 1.0
3900.0 3600.0 1.0
3900.0 3900.0 1.0
3900.0 4200.0 1.0
3900.0 4500.0 1.0
3900.0 4800.0 1.0
3900.0 5100.0 1.0
3900.0 5400.0 1.0
3900.0 5700.0 1.0
3900.0 6000.0 1.0
3900.0 6300.0 1.0
3900.0 6600.0 1.0
3900.0 6900.0 1.0
3900.0 7200.0 1.0
3900.0 7500.0 1.0
3900.0 7800.0 1.0
3900.0 8100.0 1.0
3900.0 8400.0 1.0
3900.0 8700.0 1.0
3900.0 9000.0 1.0
4200.0 -9000.0 1.0
4200.0 -8700.0 1.0
4200.0 -8400.0 1.0
4200.0 -8100.0 1.0
4200.0 -7800.0 1.0
4200.0 -7500.0 1.0
4200.0 -7200.0 1.0
4200.0 -6900.0 1.0
4200.0 -6600.0 1.0
4200.0 -6300.0 1.0
4200.0 -6000.0 1.0
4200.0 -5700.0 1.0
4200.0 -5400.0 1.0
4200.0 -5100.0 1.0
4200.0 -4800.0 1.0
4200.0 -4500.0 1.0
4200.0 -4200.0 1.0
4200.0 -3900.0 1.0
4200.0 -3600.0 1.0
4200.0 -3300.0 1.0
4200.0 -3000.0 1.0
4200.0 -2700.0 1.0
4200.0 -2400.0 1.0
4200.0 -2100.0 1.0
4200.0 -1800.0 1.0
4200.0 -1500.0 1.0
4200.0 -1200.0 1.0
4200.0 -900.0 1.0
4200.0 -600.0 1.0
4200.0 -300.0 1.0
4200.0 0.0 1.0
4200.0 300.0 1.0
4200.0 600.0 1.0
4200.0 900.0 1.0
4200.0 1200.0 1.0
4200.0 1500.0 1.0
4200.0 1800.0 1.0
4200.0 2100.0 1.0
4200.0 2400.0 1.0
4200.0 2700.0 1.0
4200.0 3000.0 1.0
4200.0 3300.0 1.0
4200.0 3600.0 1.0
4200.0 3900.0 1.0
4200.0 4200.0 1.0
4200.0 4500.0 1.0
4200.0 4800.0 1.0
4200.0 5100.0 1.0
4200.0 5400.0 1.0
4200.0 5700.0 1.0
4200.0 6000.0 1.0
4200.0 6300.0 1.0
4200.0 6600.0 1.0
4200.0 6900.0 1.0
4200.0 7200.0 1.0
4200.0 7500.0 1.0
4200.0 7800.0 1.0
4200.0 8100.0 1.0
4200.0 8400.0 1.0
4200.0 8700.0 1.0
4200.0 9000.0 1.0
4500.0 -9000.0 1.0
4500.0 -8700.0 1.0
4500.0 -8400.0 1.0
4500.0 -8100.0 1.0
4500.0 -7800.0 1.0
4500.0 -7500.0 1.0
4500.0 -7200.0 1.0
4500.0 -6900.0 1.0
4500.0 -6600.0 1.0
4500.0 -6300.0 1.0
4500.0 -6000.0 1.0
4500.0 -5700.0 1.0
4500.0 -5400.0 1.0
4500.0 -5100.0 1.0
4500.0 -4800.0 1.0
4500.0 -4500.0 1.0
4500.0 -4200.0 1.0
4500.0 -3900.0 1.0
4500.0 -3600.0 1.0
4500.0 -3300.0 1.0
4500.0 -3000.0 1.0
4500.0 -2700.0 1.0
4500.0 -2400.0 1.0
4500.0 -2100.0 1.0
4500.0 -1800.0 1.0
4500.0 -1500.0 1.0
4500.0 -1200.0 1.0
4500.0 -900.0 1.0
4500.0 -600.0 1.0
4500.0 -300.0 1.0
4500.0 0.0 1.0
4500.0 300.0 1.0
4500.0 600.0 1.0
4500.0 900.0 1.0
4500.0 1200.0 1.0
4500.0 1500.0 1.0
4500.0 1800.0 1.0
4500.0 2100.0 1.0
4500.0 2400.0 1.0
4500.0 2700.0 1.0
4500.0 3000.0 1.0
4500.0 3300.0 1.0
4500.0 3600.0 1.0
4500.0 3900.0 1.0
4500.0 4200.0 1.0
4500.0 4500.0 1.0
4500.0 4800.0 1.0
4500.0 5100.0 1.0
4500.0 5400.0 1.0
4500.0 5700.0 1.0
4500.0 6000.0 1.0
4500.0 6300.0 1.0
4500.0 6600.0 1.0
4500.0 6900.0 1.0
4500.0 7200.0 1.0
4500.0 7500.0 1.0
4500.0 7800.0 1.0
4500.0 8100.0 1.0
4500.0 8400.0 1.0
4500.0 8700.0 1.0
4500.0 9000.0 1.0
4800.0 -9000.0 1.0
4800.0 -8700.0 1.0
4800.0 -8400.0 1.0
4800.0 -8100.0 1.0
4800.0 -7800.0 1.0
4800.0 -7500.0 1.0
4800.0 -7200.0 1.0
4800.0 -6900.0 1.0
4800.0 -6600.0 1.0
4800.0 -6300.0 1.0
4800.0 -6000.0 1.0
4800.0 -5700.0 1.0
4800.0 -5400.0 1.0
4800.0 -5100.0 1.0
4800.0 -4800.0 1.0
4800.0 -4500.0 1.0
4800.0 -4200.0 1.0
4800.0 -3900.0 1.0
4800.0 -3600.0 1.0
4800.0 -3300.0 1.0
4800.0 -3000.0 1.0
4800.0 -2700.0 1.0
4800.0 -2400.0 1.0
4800.0 -2100.0 1.0
4800.0 -1800.0 1.0
4800.0 -1500.0 1.0
4800.0 -1200.0 1.0
4800.0 -900.0 1.0
4800.0 -600.0 1.0
4800.0 -300.0 1.0
4800.0 0.0 1.0
4800.0 300.0 1.0
4800.0 600.0 1.0
4800.0 900.0 1.0
4800.0 1200.0 1.0
4800.0 1500.0 1.0
4800.0 1800.0 1.0
4800.0 2100.0 1.0
4800.0 2400.0 1.0
4800.0 2700.0 1.0
4800.0 3000.0 1.0
4800.0 3300.0 1.0
4800.0 3600.0 1.0
4800.0 3900.0 1.0
4800.0 4200.0 1.0
4800.0 4500.0 1.0
4800.0 4800.0 1.0
4800.0 5100.0 1.0
4800.0 5400.0 1.0
4800.0 5700.0 1.0
4800.0 6000.0 1.0
4800.0 6300.0 1.0
4800.0 6600.0 1.0
4800.0 6900.0 1.0
4800.0 7200.0 1.0
4800.0 7500.0 1.0
4800.0 7800.0 1.0
4800.0 8100.0 1.0
4800.0 8400.0 1.0
4800.0 8700.0 1.0
4800.0 9000.0 1.0
5100.0 -9000.0 1.0
5100.0 -8700.0 1.0
5100.0 -8400.0 1.0
5100.0 -8100.0 1.0
5100.0 -7800.0 1.0
5100.0 -7500.0 1.0
5100.0 -7200.0 1.0
5100.0 -6900.0 1.0
5100.0 -6600.0 1.0
5100.0 -6300.0 1.0
5100.0 -6000.0 1.0
5100.0 -5700.0 1.0
5100.0 -5400.0 1.0
5100.0 -5100.0 1.0
5100.0 -4800.0 1.0
5100.0 -4500.0 1.0
5100.0 -4200.0 1.0
5100.0 -3900.0 1.0
5100.0 -3600.0 1.0
5100.0 -3300.0 1.0
5100.0 -3000.0 1.0
5100.0 -2700.0 1.0
5100.0 -2400.0 1.0
5100.0 -2100.0 1.0
5100.0 -1800.0 1.0
5100.0 -1500.0 1.0
5100.0 -1200.0 1.0
5100.0 -900.0 1.0
5100.0 -600.0 1.0
5100.0 -300.0 1.0
5100.0 0.0 1.0
5100.0 300.0 1.0
5100.0 600.0 1.0
5100.0 900.0 1.0
5100.0 1200.0 1.0
5100.0 1500.0 1.0
5100.0 1800.0 1.0
5100.0 2100.0 1.0
5100.0 2400.0 1.0
5100.0 2700.0 1.0
5100.0 3000.0 1.0
5100.0 3300.0 1.0
5100.0 3600.0 1.0
5100.0 3900.0 1.0
5100.0 4200.0 1.0
5100.0 4500.0 1.0
5100.0 4800.0 1.0
5100.0 5100.0 1.0
5100.0 5400.0 1.0
5100.0 5700.0 1.0
5100.0 6000.0 1.0
5100.0 6300.0 1.0
5100.0 6600.0 1.0
5100.0 6900.0 1.0
5100.0 7200.0 1.0
5100.0 7500.0 1.0
5100.0 7800.0 1.0
5100.0 8100.0 1.0
5100.0 8400.0 1.0
5100.0 8700.0 1.0
5100.0 9000.0 1.0
5400.0 -9000.0 1.0
5400.0 -8700.0 1.0
5400.0 -8400.0 1.0
5400.0 -8100.0 1.0
5400.0 -7800.0 1.0
5400.0 -7500.0 1.0
5400.0 -7200.0 1.0
5400.0 -6900.0 1.0
5400.0 -6600.0 1.0
5400.0 -6300.0 1.0
5400.0 -6000.0 1.0
5400.0 -5700.0 1.0
5400.0 -5400.0 1.0
5400.0 -5100.0 1.0
5400.0 -4800.0 1.0
5400.0 -4500.0 1.0
5400.0 -4200.0 1.0
5400.0 -3900.0 1.0
5400.0 -3600.0 1.0
5400.0 -3300.0 1.0
5400.0 -3000.0 1.0
5400.0 -2700.0 1.0
5400.0 -2400.0 1.0
5400.0 -2100.0 1.0
5400.0 -1800.0 1.0
5400.0 -1500.0 1.0
5400.0 -1200.0 1.0
5400.0 -900.0 1.0
5400.0 -600.0 1.0
5400.0 -300.0 1.0
5400.0 0.0 1.0
5400.0 300.0 1.0
5400.0 600.0 1.0
5400.0 900.0 1.0
5400.0 1200.0 1.0
5400.0 1500.0 1.0
5400.0 1800.0 1.0
5400.0 2100.0 1.0
5400.0 2400.0 1.0
5400.0 2700.0 1.0
5400.0 3000.0 1.0
5400.0 3300.0 1.0
5400.0 3600.0 1.0
5400.0 3900.0 1.0
5400.0 4200.0 1.0
5400.0 4500.0 1.0
5400.0 4800.0 1.0
5400.0 5100.0 1.0
5400.0 5400.0 1.0
5400.0 5700.0 1.0
5400.0 6000.0 1.0
5400.0 6300.0 1.0
5400.0 6600.0 1.0
5400.0 6900.0 1.0
5400.0 7200.0 1.0
5400.0 7500.0 1.0
5400.0 7800.0 1.0
5400.0 8100.0 1.0
5400.0 8400.0 1.0
5400.0 8700.0 1.0
5400.0 9000.0 1.0
5700.0 -9000.0 1.0
5700.0 -8700.0 1.0
5700.0 -8400.0 1.0
5700.0 -8100.0 1.0
5700.0 -7800.0 1.0
5700.0 -7500.0 1.0
5700.0 -7200.0 1.0
5700.0 -6900.0 1.0
5700.0 -6600.0 1.0
5700.0 -6300.0 1.0
5700.0 -6000.0 1.0
5700.0 -5700.0 1.0
5700.0 -5400.0 1.0
5700.0 -5100.0 1.0
5700.0 -4800.0 1.0
5700.0 -4500.0 1.0
5700.0 -4200.0 1.0
5700.0 -3900.0 1.0
5700.0 -3600.0 1.0
5700.0 -3300.0 1.0
5700.0 -3000.0 1.0
5700.0 -2700.0 1.0
5700.0 -2400.0 1.0
5700.0 -2100.0 1.0
5700.0 -1800.0 1.0
5700.0 -1500.0 1.0
5700.0 -1200.0 1.0
5700.0 -900.0 1.0
5700.0 -600.0 1.0
5700.0 -300.0 1.0
5700.0 0.0 1.0
5700.0 300.0 1.0
5700.0 600.0 1.0
5700.0 900.0 1.0
5700.0 1200.0 1.0
5700.0 1500.0 1.0
5700.0 1800.0 1.0
5700.0 2100.0 1.0
5700.0 2400.0 1.0
5700.0 2700.0 1.0
5700.0 3000.0 1.0
5700.0 3300.0 1.0
5700.0 3600.0 1.0
5700.0 3900.0 1.0
5700.0 4200.0 1.0
5700.0 4500.0 1.0
5700.0 4800.0 1.0
5700.0 5100.0 1.0
5700.0 5400.0 1.0
5700.0 5700.0 1.0
5700.0 6000.0 1.0
5700.0 6300.0 1.0
5700.0 6600.0 1.0
5700.0 6900.0 1.0
5700.0 7200.0 1.0
5700.0 7500.0 1.0
5700.0 7800.0 1.0
5700.0 8100.0 1.0
5700.0 8400.0 1.0
5700.0 8700.0 1.0
5700.0 9000.0 1.0
6000.0 -9000.0 1.0
6000.0 -8700.0 1.0
6000.0 -8400.0 1.0
6000.0 -8100.0 1.0
6000.0 -7800.0 1.0
6000.0 -7500.0 1.0
6000.0 -7200.0 1.0
6000.0 -6900.0 1.0
6000.0 -6600.0 1.0
6000.0 -6300.0 1.0
6000.0 -6000.0 1.0
6000.0 -5700.0 1.0
6000.0 -5400.0 1.0
6000.0 -5100.0 1.0
6000.0 -4800.0 1.0
6000.0 -4500.0 1.0
6000.0 -4200.0 1.0
6000.0 -3900.0 1.0
6000.0 -3600.0 1.0
6000.0 -3300.0 1.0
6000.0 -3000.0 1.0
6000.0 -2700.0 1.0
6000.0 -2400.0 1.0
6000.0 -2100.0 1.0
6000.0 -1800.0 1.0
6000.0 -1500.0 1.0
6000.0 -1200.0 1.0
6000.0 -900.0 1.0
6000.0 -600.0 1.0
6000.0 -300.0 1.0
6000.0 0.0 1.0
6000.0 300.0 1.0
6000.0 600.0 1.0
6000.0 900.0 1.0
6000.0 1200.0 1.0
6000.0 1500.0 1.0
6000.0 1800.0 1.0
6000.0 2100.0 1.0
6000.0 2400.0 1.0
6000.0 2700.0 1.0
6000.0 3000.0 1.0
6000.0 3300.0 1.0
6000.0 3600.0 1.0
6000.0 3900.0 1.0
6000.0 4200.0 1.0
6000.0 4500.0 1.0
6000.0 4800.0 1.0
6000.0 5100.0 1.0
6000.0 5400.0 1.0
6000.0 5700.0 1.0
6000.0 6000.0 1.0
6000.0 6300.0 1.0
6000.0 6600.0 1.0
6000.0 6900.0 1.0
6000.0 7200.0 1.0
6000.0 7500.0 1.0
6000.0 7800.0 1.0
6000.0 8100.0 1.0
6000.0 8400.0 1.0
6000.0 8700.0 1.0
6000.0 9000.0 1.0
6300.0 -9000.0 1.0
6300.0 -8700.0 1.0
6300.0 -8400.0 1.0
6300.0 -8100.0 1.0
6300.0 -7800.0 1.0
6300.0 -7500.0 1.0
6300.0 -7200.0 1.0
6300.0 -6900.0 1.0
6300.0 -6600.0 1.0
6300.0 -6300.0 1.0
6300.0 -6000.0 1.0
6300.0 -5700.0 1.0
6300.0 -5400.0 1.0
6300.0 -5100.0 1.0
6300.0 -4800.0 1.0
6300.0 -4500.0 1.0
6300.0 -4200.0 1.0
6300.0 -3900.0 1.0
6300.0 -3600.0 1.0
6300.0 -3300.0 1.0
6300.0 -3000.0 1.0
6300.0 -2700.0 1.0
6300.0 -2400.0 1.0
6300.0 -2100.0 1.0
6300.0 -1800.0 1.0
6300.0 -1500.0 1.0
6300.0 -1200.0 1.0
6300.0 -900.0 1.0
6300.0 -600.0 1.0
6300.0 -300.0 1.0
6300.0 0.0 1.0
6300.0 300.0 1.0
6300.0 600.0 1.0
6300.0 900.0 1.0
6300.0 1200.0 1.0
6300.0 1500.0 1.0
6300.0 1800.0 1.0
6300.0 2100.0 1.0
6300.0 2400.0 1.0
6300.0 2700.0 1.0
6300.0 3000.0 1.0
6300.0 3300.0 1.0
6300.0 3600.0 1.0
6300.0 3900.0 1.0
6300.0 4200.0 1.0
6300.0 4500.0 1.0
6300.0 4800.0 1.0
6300.0 5100.0 1.0
6300.0 5400.0 1.0
6300.0 5700.0 1.0
6300.0 6000.0 1.0
6300.0 6300.0 1.0
6300.0 6600.0 1.0
6300.0 6900.0 1.0
6300.0 7200.0 1.0
6300.0 7500.0 1.0
6300.0 7800.0 1.0
6300.0 8100.0 1.0
6300.0 8400.0 1.0
6300.0 8700.0 1.0
6300.0 9000.0 1.0
6600.0 -9000.0 1.0
6600.0 -8700.0 1.0
6600.0 -8400.0 1.0
6600.0 -8100.0 1.0
6600.0 -7800.0 1.0
6600.0 -7500.0 1.0
6600.0 -7200.0 1.0
6600.0 -6900.0 1.0
6600.0 -6600.0 1.0
6600.0 -6300.0 1.0
6600.0 -6000.0 1.0
6600.0 -5700.0 1.0
6600.0 -5400.0 1.0
6600.0 -5100.0 1.0
6600.0 -4800.0 1.0
6600.0 -4500.0 1.0
6600.0 -4200.0 1.0
6600.0 -3900.0 1.0
6600.0 -3600.0 1.0
6600.0 -3300.0 1.0
6600.0 -3000.0 1.0
6600.0 -2700.0 1.0
6600.0 -2400.0 1.0
6600.0 -2100.0 1.0
6600.0 -1800.0 1.0
6600.0 -1500.0 1.0
6600.0 -1200.0 1.0
6600.0 -900.0 1.0
6600.0 -600.0 1.0
6600.0 -300.0 1.0
6600.0 0.0 1.0
6600.0 300.0 1.0
6600.0 600.0 1.0
6600.0 900.0 1.0
6600.0 1200.0 1.0
6600.0 1500.0 1.0
6600.0 1800.0 1.0
6600.0 2100.0 1.0
6600.0 2400.0 1.0
6600.0 2700.0 1.0
6600.0 3000.0 1.0
6600.0 3300.0 1.0
6600.0 3600.0 1.0
6600.0 3900.0 1.0
6600.0 4200.0 1.0
6600.0 4500.0 1.0
6600.0 4800.0 1.0
6600.0 5100.0 1.0
6600.0 5400.0 1.0
6600.0 5700.0 1.0
6600.0 6000.0 1.0
6600.0 6300.0 1.0
6600.0 6600.0 1.0
6600.0 6900.0 1.0
6600.0 7200.0 1.0
6600.0 7500.0 1.0
6600.0 7800.0 1.0
6600.0 8100.0 1.0
6600.0 8400.0 1.0
6600.0 8700.0 1.0
6600.0 9000.0 1.0
6900.0 -9000.0 1.0
6900.0 -8700.0 1.0
6900.0 -8400.0 1.0
6900.0 -8100.0 1.0
6900.0 -7800.0 1.0
6900.0 -7500.0 1.0
6900.0 -7200.0 1.0
6900.0 -6900.0 1.0
6900.0 -6600.0 1.0
6900.0 -6300.0 1.0
6900.0 -6000.0 1.0
6900.0 -5700.0 1.0
6900.0 -5400.0 1.0
6900.0 -5100.0 1.0
6900.0 -4800.0 1.0
6900.0 -4500.0 1.0
6900.0 -4200.0 1.0
6900.0 -3900.0 1.0
6900.0 -3600.0 1.0
6900.0 -3300.0 1.0
6900.0 -3000.0 1.0
6900.0 -2700.0 1.0
6900.0 -2400.0 1.0
6900.0 -2100.0 1.0
6900.0 -1800.0 1.0
6900.0 -1500.0 1.0
6900.0 -1200.0 1.0
6900.0 -900.0 1.0
6900.0 -600.0 1.0
6900.0 -300.0 1.0
6900.0 0.0 1.0
6900.0 300.0 1.0
6900.0 600.0 1.0
6900.0 900.0 1.0
6900.0 1200.0 1.0
6900.0 1500.0 1.0
6900.0 1800.0 1.0
6900.0 2100.0 1.0
6900.0 2400.0 1.0
6900.0 2700.0 1.0
6900.0 3000.0 1.0
6900.0 3300.0 1.0
6900.0 3600.0 1.0
6900.0 3900.0 1.0
6900.0 4200.0 1.0
6900.0 4500.0 1.0
6900.0 4800.0 1.0
6900.0 5100.0 1.0
6900.0 5400.0 1.0
6900.0 5700.0 1.0
6900.0 6000.0 1.0
6900.0 6300.0 1.0
6900.0 6600.0 1.0
6900.0 6900.0 1.0
6900.0 7200.0 1.0
6900.0 7500.0 1.0
6900.0 7800.0 1.0
6900.0 8100.0 1.0
6900.0 8400.0 1.0
6900.0 8700.0 1.0
6900.0 9000.0 1.0
7200.0 -9000.0 1.0
7200.0 -8700.0 1.0
7200.0 -8400.0 1.0
7200.0 -8100.0 1.0
7200.0 -7800.0 1.0
7200.0 -7500.0 1.0
7200.0 -7200.0 1.0
7200.0 -6900.0 1.0
7200.0 -6600.0 1.0
7200.0 -6300.0 1.0
7200.0 -6000.0 1.0
7200.0 -5700.0 1.0
7200.0 -5400.0 1.0
7200.0 -5100.0 1.0
7200.0 -4800.0 1.0
7200.0 -4500.0 1.0
7200.0 -4200.0 1.0
7200.0 -3900.0 1.0
7200.0 -3600.0 1.0
7200.0 -3300.0 1.0
7200.0 -3000.0 1.0
7200.0 -2700.0 1.0
7200.0 -2400.0 1.0
7200.0 -2100.0 1.0
7200.0 -1800.0 1.0
7200.0 -1500.0 1.0
7200.0 -1200.0 1.0
7200.0 -900.0 1.0
7200.0 -600.0 1.0
7200.0 -300.0 1.0
7200.0 0.0 1.0
7200.0 300.0 1.0
7200.0 600.0 1.0
7200.0 900.0 1.0
7200.0 1200.0 1.0
7200.0 1500.0 1.0
7200.0 1800.0 1.0
7200.0 2100.0 1.0
7200.0 2400.0 1.0
7200.0 2700.0 1.0
7200.0 3000.0 1.0
7200.0 3300.0 1.0
7200.0 3600.0 1.0
7200.0 3900.0 1.0
7200.0 4200.0 1.0
7200.0 4500.0 1.0
7200.0 4800.0 1.0
7200.0 5100.0 1.0
7200.0 5400.0 1.0
7200.0 5700.0 1.0
7200.0 6000.0 1.0
7200.0 6300.0 1.0
7200.0 6600.0 1.0
7200.0 6900.0 1.0
7200.0 7200.0 1.0
7200.0 7500.0 1.0
7200.0 7800.0 1.0
7200.0 8100.0 1.0
7200.0 8400.0 1.0
7200.0 8700.0 1.0
7200.0 9000.0 1.0
7500.0 -9000.0 1.0
7500.0 -8700.0 1.0
7500.0 -8400.0 1.0
7500.0 -8100.0 1.0
7500.0 -7800.0 1.0
7500.0 -7500.0 1.0
7500.0 -7200.0 1.0
7500.0 -6900.0 1.0
7500.0 -6600.0 1.0
7500.0 -6300.0 1.0
7500.0 -6000.0 1.0
7500.0 -5700.0 1.0
7500.0 -5400.0 1.0
7500.0 -5100.0 1.0
7500.0 -4800.0 1.0
7500.0 -4500.0 1.0
7500.0 -4200.0 1.0
7500.0 -3900.0 1.0
7500.0 -3600.0 1.0
7500.0 -3300.0 1.0
7500.0 -3000.0 1.0
7500.0 -2700.0 1.0
7500.0 -2400.0 1.0
7500.0 -2100.0 1.0
7500.0 -1800.0 1.0
7500.0 -1500.0 1.0
7500.0 -1200.0 1.0
7500.0 -900.0 1.0
7500.0 -600.0 1.0
7500.0 -300.0 1.0
7500.0 0.0 1.0
7500.0 300.0 1.0
7500.0 600.0 1.0
7500.0 900.0 1.0
7500.0 1200.0 1.0
7500.0 1500.0 1.0
7500.0 1800.0 1.0
7500.0 2100.0 1.0
7500.0 2400.0 1.0
7500.0 2700.0 1.0
7500.0 3000.0 1.0
7500.0 3300.0 1.0
7500.0 3600.0 1.0
7500.0 3900.0 1.0
7500.0 4200.0 1.0
7500.0 4500.0 1.0
7500.0 4800.0 1.0
7500.0 5100.0 1.0
7500.0 5400.0 1.0
7500.0 5700.0 1.0
7500.0 6000.0 1.0
7500.0 6300.0 1.0
7500.0 6600.0 1.0
7500.0 6900.0 1.0
7500.0 7200.0 1.0
7500.0 7500.0 1.0
7500.0 7800.0 1.0
7500.0 8100.0 1.0
7500.0 8400.0 1.0
7500.0 8700.0 1.0
7500.0 9000.0 1.0
7800.0 -9000.0 1.0
7800.0 -8700.0 1.0
7800.0 -8400.0 1.0
7800.0 -8100.0 1.0
7800.0 -7800.0 1.0
7800.0 -7500.0 1.0
7800.0 -7200.0 1.0
7800.0 -6900.0 1.0
7800.0 -6600.0 1.0
7800.0 -6300.0 1.0
7800.0 -6000.0 1.0
7800.0 -5700.0 1.0
7800.0 -5400.0 1.0
7800.0 -5100.0 1.0
7800.0 -4800.0 1.0
7800.0 -4500.0 1.0
7800.0 -4200.0 1.0
7800.0 -3900.0 1.0
7800.0 -3600.0 1.0
7800.0 -3300.0 1.0
7800.0 -3000.0 1.0
7800.0 -2700.0 1.0
7800.0 -2400.0 1.0
7800.0 -2100.0 1.0
7800.0 -1800.0 1.0
7800.0 -1500.0 1.0
7800.0 -1200.0 1.0
7800.0 -900.0 1.0
7800.0 -600.0 1.0
7800.0 -300.0 1.0
7800.0 0.0 1.0
7800.0 300.0 1.0
7800.0 600.0 1.0
7800.0 900.0 1.0
7800.0 1200.0 1.0
7800.0 1500.0 1.0
7800.0 1800.0 1.0
7800.0 2100.0 1.0
7800.0 2400.0 1.0
7800.0 2700.0 1.0
7800.0 3000.0 1.0
7800.0 3300.0 1.0
7800.0 3600.0 1.0
7800.0 3900.0 1.0
7800.0 4200.0 1.0
7800.0 4500.0 1.0
7800.0 4800.0 1.0
7800.0 5100.0 1.0
7800.0 5400.0 1.0
7800.0 5700.0 1.0
7800.0 6000.0 1.0
7800.0 6300.0 1.0
7800.0 6600.0 1.0
7800.0 6900.0 1.0
7800.0 7200.0 1.0
7800.0 7500.0 1.0
7800.0 7800.0 1.0
7800.0 8100.0 1.0
7800.0 8400.0 1.0
7800.0 8700.0 1.0
7800.0 9000.0 1.0
8100.0 -9000.0 1.0
8100.0 -8700.0 1.0
8100.0 -8400.0 1.0
8100.0 -8100.0 1.0
8100.0 -7800.0 1.0
8100.0 -7500.0 1.0
8100.0 -7200.0 1.0
8100.0 -6900.0 1.0
8100.0 -6600.0 1.0
8100.0 -6300.0 1.0
8100.0 -6000.0 1.0
8100.0 -5700.0 1.0
8100.0 -5400.0 1.0
8100.0 -5100.0 1.0
8100.0 -4800.0 1.0
8100.0 -4500.0 1.0
8100.0 -4200.0 1.0
8100.0 -3900.0 1.0
8100.0 -3600.0 1.0
8100.0 -3300.0 1.0
8100.0 -3000.0 1.0
8100.0 -2700.0 1.0
8100.0 -2400.0 1.0
8100.0 -2100.0 1.0
8100.0 -1800.0 1.0
8100.0 -1500.0 1.0
8100.0 -1200.0 1.0
8100.0 -900.0 1.0
8100.0 -600.0 1.0
8100.0 -300.0 1.0
8100.0 0.0 1.0
8100.0 300.0 1.0
8100.0 600.0 1.0
8100.0 900.0 1.0
8100.0 1200.0 1.0
8100.0 1500.0 1.0
8100.0 1800.0 1.0
8100.0 2100.0 1.0
8100.0 2400.0 1.0
8100.0 2700.0 1.0
8100.0 3000.0 1.0
8100.0 3300.0 1.0
8100.0 3600.0 1.0
8100.0 3900.0 1.0
8100.0 4200.0 1.0
8100.0 4500.0 1.0
8100.0 4800.0 1.0
8100.0 5100.0 1.0
8100.0 5400.0 1.0
8100.0 5700.0 1.0
8100.0 6000.0 1.0
8100.0 6300.0 1.0
8100.0 6600.0 1.0
8100.0 6900.0 1.0
8100.0 7200.0 1.0
8100.0 7500.0 1.0
8100.0 7800.0 1.0
8100.0 8100.0 1.0
8100.0 8400.0 1.0
8100.0 8700.0 1.0
8100.0 9000.0 1.0
8400.0 -9000.0 1.0
8400.0 -8700.0 1.0
8400.0 -8400.0 1.0
8400.0 -8100.0 1.0
8400.0 -7800.0 1.0
8400.0 -7500.0 1.0
8400.0 -7200.0 1.0
8400.0 -6900.0 1.0
8400.0 -6600.0 1.0
8400.0 -6300.0 1.0
8400.0 -6000.0 1.0
8400.0 -5700.0 1.0
8400.0 -5400.0 1.0
8400.0 -5100.0 1.0
8400.0 -4800.0 1.0
8400.0 -4500.0 1.0
8400.0 -4200.0 1.0
8400.0 -3900.0 1.0
8400.0 -3600.0 1.0
8400.0 -3300.0 1.0
8400.0 -3000.0 1.0
8400.0 -2700.0 1.0
8400.0 -2400.0 1.0
8400.0 -2100.0 1.0
8400.0 -1800.0 1.0
8400.0 -1500.0 1.0
8400.0 -1200.0 1.0
8400.0 -900.0 1.0
8400.0 -600.0 1.0
8400.0 -300.0 1.0
8400.0 0.0 1.0
8400.0 300.0 1.0
8400.0 600.0 1.0
8400.0 900.0 1.0
8400.0 1200.0 1.0
8400.0 1500.0 1.0
8400.0 1800.0 1.0
8400.0 2100.0 1.0
8400.0 2400.0 1.0
8400.0 2700.0 1.0
8400.0 3000.0 1.0
8400.0 3300.0 1.0
8400.0 3600.0 1.0
8400.0 3900.0 1.0
8400.0 4200.0 1.0
8400.0 4500.0 1.0
8400.0 4800.0 1.0
8400.0 5100.0 1.0
8400.0 5400.0 1.0
8400.0 5700.0 1.0
8400.0 6000.0 1.0
8400.0 6300.0 1.0
8400.0 6600.0 1.0
8400.0 6900.0 1.0
8400.0 7200.0 1.0
8400.0 7500.0 1.0
8400.0 7800.0 1.0
8400.0 8100.0 1.0
8400.0 8400.0 1.0
8400.0 8700.0 1.0
8400.0 9000.0 1.0
8700.0 -9000.0 1.0
8700.0 -8700.0 1.0
8700.0 -8400.0 1.0
8700.0 -8100.0 1.0
8700.0 -7800.0 1.0
8700.0 -7500.0 1.0
8700.0 -7200.0 1.0
8700.0 -6900.0 1.0
8700.0 -6600.0 1.0
8700.0 -6300.0 1.0
8700.0 -6000.0 1.0
8700.0 -5700.0 1.0
8700.0 -5400.0 1.0
8700.0 -5100.0 1.0
8700.0 -4800.0 1.0
8700.0 -4500.0 1.0
8700.0 -4200.0 1.0
8700.0 -3900.0 1.0
8700.0 -3600.0 1.0
8700.0 -3300.0 1.0
8700.0 -3000.0 1.0
8700.0 -2700.0 1.0
8700.0 -2400.0 1.0
8700.0 -2100.0 1.0
8700.0 -1800.0 1.0
8700.0 -1500.0 1.0
8700.0 -1200.0 1.0
8700.0 -900.0 1.0
8700.0 -600.0 1.0
8700.0 -300.0 1.0
8700.0 0.0 1.0
8700.0 300.0 1.0
8700.0 600.0 1.0
8700.0 900.0 1.0
8700.0 1200.0 1.0
8700.0 1500.0 1.0
8700.0 1800.0 1.0
8700.0 2100.0 1.0
8700.0 2400.0 1.0
8700.0 2700.0 1.0
8700.0 3000.0 1.0
8700.0 3300.0 1.0
8700.0 3600.0 1.0
8700.0 3900.0 1.0
8700.0 4200.0 1.0
8700.0 4500.0 1.0
8700.0 4800.0 1.0
8700.0 5100.0 1.0
8700.0 5400.0 1.0
8700.0 5700.0 1.0
8700.0 6000.0 1.0
8700.0 6300.0 1.0
8700.0 6600.0 1.0
8700.0 6900.0 1.0
8700.0 7200.0 1.0
8700.0 7500.0 1.0
8700.0 7800.0 1.0
8700.0 8100.0 1.0
8700.0 8400.0 1.0
8700.0 8700.0 1.0
8700.0 9000.0 1.0
9000.0 -9000.0 1.0
9000.0 -8700.0 1.0
9000.0 -8400.0 1.0
9000.0 -8100.0 1.0
9000.0 -7800.0 1.0
9000.0 -7500.0 1.0
9000.0 -7200.0 1.0
9000.0 -6900.0 1.0
9000.0 -6600.0 1.0
9000.0 -6300.0 1.0
9000.0 -6000.0 1.0
9000.0 -5700.0 1.0
9000.0 -5400.0 1.0
9000.0 -5100.0 1.0
9000.0 -4800.0 1.0
9000.0 -4500.0 1.0
9000.0 -4200.0 1.0
9000.0 -3900.0 1.0
9000.0 -3600.0 1.0
9000.0 -3300.0 1.0
9000.0 -3000.0 1.0
9000.0 -2700.0 1.0
9000.0 -2400.0 1.0
9000.0 -2100.0 1.0
9000.0 -1800.0 1.0
9000.0 -1500.0 1.0
9000.0 -1200.0 1.0
9000.0 -900.0 1.0
9000.0 -600.0 1.0
9000.0 -300.0 1.0
9000.0 0.0 1.0
9000.0 300.0 1.0
9000.0 600.0 1.0
9000.0 900.0 1.0
9000.0 1200.0 1.0
9000.0 1500.0 1.0
9000.0 1800.0 1.0
9000.0 2100.0 1.0
9000.0 2400.0 1.0
9000.0 2700.0 1.0
9000.0 3000.0 1.0
9000.0 3300.0 1.0
9000.0 3600.0 1.0
9000.0 3900.0 1.0
9000.0 4200.0 1.0
9000.0 4500.0 1.0
9000.0 4800.0 1.0
9000.0 5100.0 1.0
9000.0 5400.0 1.0
9000.0 5700.0 1.0
9000.0 6000.0 1.0
9000.0 6300.0 1.0
9000.0 6600.0 1.0
9000.0 6900.0 1.0
9000.0 7200.0 1.0
9000.0 7500.0 1.0
9000.0 7800.0 1.0
9000.0 8100.0 1.0
9000.0 8400.0 1.0
9000.0 8700.0 1.0
9000.0 9000.0 1.0
9300.0 -9000.0 1.0
9300.0 -8700.0 1.0
9300.0 -8400.0 1.0
9300.0 -8100.0 1.0
9300.0 -7800.0 1.0
9300.0 -7500.0 1.0
9300.0 -7200.0 1.0
9300.0 -6900.0 1.0
9300.0 -6600.0 1.0
9300.0 -6300.0 1.0
9300.0 -6000.0 1.0
9300.0 -5700.0 1.0
9300.0 -5400.0 1.0
9300.0 -5100.0 1.0
9300.0 -4800.0 1.0
9300.0 -4500.0 1.0
9300.0 -4200.0 1.0
9300.0 -3900.0 1.0
9300.0 -3600.0 1.0
9300.0 -3300.0 1.0
9300.0 -3000.0 1.0
9300.0 -2700.0 1.0
9300.0 -2400.0 1.0
9300.0 -2100.0 1.0
9300.0 -1800.0 1.0
9300.0 -1500.0 1.0
9300.0 -1200.0 1.0
9300.0 -900.0 1.0
9300.0 -600.0 1.0
9300.0 -300.0 1.0
9300.0 0.0 1.0
9300.0 300.0 1.0
9300.0 600.0 1.0
9300.0 900.0 1.0
9300.0 1200.0 1.0
9300.0 1500.0 1.0
9300.0 1800.0 1.0
9300.0 2100.0 1.0
9300.0 2400.0 1.0
9300.0 2700.0 1.0
9300.0 3000.0 1.0
9300.0 3300.0 1.0
9300.0 3600.0 1.0
9300.0 3900.0 1.0
9300.0 4200.0 1.0
9300.0 4500.0 1.0
9300.0 4800.0 1.0
9300.0 5100.0 1.0
9300.0 5400.0 1.0
9300.0 5700.0 1.0
9300.0 6000.0 1.0
9300.0 6300.0 1.0
9300.0 6600.0 1.0
9300.0 6900.0 1.0
9300.0 7200.0 1.0
9300.0 7500.0 1.0
9300.0 7800.0 1.0
9300.0 8100.0 1.0
9300.0 8400.0 1.0
9300.0 8700.0 1.0
9300.0 9000.0 1.0
9600.0 -9000.0 1.0
9600.0 -8700.0 1.0
9600.0 -8400.0 1.0
9600.0 -8100.0 1.0
9600.0 -7800.0 1.0
9600.0 -7500.0 1.0
9600.0 -7200.0 1.0
9600.0 -6900.0 1.0
9600.0 -6600.0 1.0
9600.0 -6300.0 1.0
9600.0 -6000.0 1.0
9600.0 -5700.0 1.0
9600.0 -5400.0 1.0
9600.0 -5100.0 1.0
9600.0 -4800.0 1.0
9600.0 -4500.0 1.0
9600.0 -4200.0 1.0
9600.0 -3900.0 1.0
9600.0 -3600.0 1.0
9600.0 -3300.0 1.0
9600.0 -3000.0 1.0
9600.0 -2700.0 1.0
9600.0 -2400.0 1.0
9600.0 -2100.0 1.0
9600.0 -1800.0 1.0
9600.0 -1500.0 1.0
9600.0 -1200.0 1.0
9600.0 -900.0 1.0
9600.0 -600.0 1.0
9600.0 -300.0 1.0
9600.0 0.0 1.0
9600.0 300.0 1.0
9600.0 600.0 1.0
9600.0 900.0 1.0
9600.0 1200.0 1.0
9600.0 1500.0 1.0
9600.0 1800.0 1.0
9600.0 2100.0 1.0
9600.0 2400.0 1.0
9600.0 2700.0 1.0
9600.0 3000.0 1.0
9600.0 3300.0 1.0
9600.0 3600.0 1.0
9600.0 3900.0 1.0
9600.0 4200.0 1.0
9600.0 4500.0 1.0
9600.0 4800.0 1.0
9600.0 5100.0 1.0
9600.0 5400.0 1.0
9600.0 5700.0 1.0
9600.0 6000.0 1.0
9600.0 6300.0 1.0
9600.0 6600.0 1.0
9600.0 6900.0 1.0
9600.0 7200.0 1.0
9600.0 7500.0 1.0
9600.0 7800.0 1.0
9600.0 8100.0 1.0
9600.0 8400.0 1.0
9600.0 8700.0 1.0
9600.0 9000.0 1.0
9900.0 -9000.0 1.0
9900.0 -8700.0 1.0
9900.0 -8400.0 1.0
9900.0 -8100.0 1.0
9900.0 -7800.0 1.0
9900.0 -7500.0 1.0
9900.0 -7200.0 1.0
9900.0 -6900.0 1.0
9900.0 -6600.0 1.0
9900.0 -6300.0 1.0
9900.0 -6000.0 1.0
9900.0 -5700.0 1.0
9900.0 -5400.0 1.0
9900.0 -5100.0 1.0
9900.0 -4800.0 1.0
9900.0 -4500.0 1.0
9900.0 -4200.0 1.0
9900.0 -3900.0 1.0
9900.0 -3600.0 1.0
9900.0 -3300.0 1.0
9900.0 -3000.0 1.0
9900.0 -2700.0 1.0
9900.0 -2400.0 1.0
9900.0 -2100.0 1.0
9900.0 -1800.0 1.0
9900.0 -1500.0 1.0
9900.0 -1200.0 1.0
9900.0 -900.0 1.0
9900.0 -600.0 1.0
9900.0 -300.0 1.0
9900.0 0.0 1.0
9900.0 300.0 1.0
9900.0 600.0 1.0
9900.0 900.0 1.0
9900.0 1200.0 1.0
9900.0 1500.0 1.0
9900.0 1800.0 1.0
9900.0 2100.0 1.0
9900.0 2400.0 1.0
9900.0 2700.0 1.0
9900.0 3000.0 1.0
9900.0 3300.0 1.0
9900.0 3600.0 1.0
9900.0 3900.0 1.0
9900.0 4200.0 1.0
9900.0 4500.0 1.0
9900.0 4800.0 1.0
9900.0 5100.0 1.0
9900.0 5400.0 1.0
9900.0 5700.0 1.0
9900.0 6000.0 1.0
9900.0 6300.0 1.0
9900.0 6600.0 1.0
9900.0 6900.0 1.0
9900.0 7200.0 1.0
9900.0 7500.0 1.0
9900.0 7800.0 1.0
9900.0 8100.0 1.0
9900.0 8400.0 1.0
9900.0 8700.0 1.0
9900.0 9000.0 1.0
10200.0 -9000.0 1.0
10200.0 -8700.0 1.0
10200.0 -8400.0 1.0
10200.0 -8100.0 1.0
10200.0 -7800.0 1.0
10200.0 -7500.0 1.0
10200.0 -7200.0 1.0
10200.0 -6900.0 1.0
10200.0 -6600.0 1.0
10200.0 -6300.0 1.0
10200.0 -6000.0 1.0
10200.0 -5700.0 1.0
10200.0 -5400.0 1.0
10200.0 -5100.0 1.0
10200.0 -4800.0 1.0
10200.0 -4500.0 1.0
10200.0 -4200.0 1.0
10200.0 -3900.0 1.0
10200.0 -3600.0 1.0
10200.0 -3300.0 1.0
10200.0 -3000.0 1.0
10200.0 -2700.0 1.0
10200.0 -2400.0 1.0
10200.0 -2100.0 1.0
10200.0 -1800.0 1.0
10200.0 -1500.0 1.0
10200.0 -1200.0 1.0
10200.0 -900.0 1.0
10200.0 -600.0 1.0
10200.0 -300.0 1.0
10200.0 0.0 1.0
10200.0 300.0 1.0
10200.0 600.0 1.0
10200.0 900.0 1.0
10200.0 1200.0 1.0
10200.0 1500.0 1.0
10200.0 1800.0 1.0
10200.0 2100.0 1.0
10200.0 2400.0 1.0
10200.0 2700.0 1.0
10200.0 3000.0 1.0
10200.0 3300.0 1.0
10200.0 3600.0 1.0
10200.0 3900.0 1.0
10200.0 4200.0 1.0
10200.0 4500.0 1.0
10200.0 4800.0 1.0
10200.0 5100.0 1.0
10200.0 5400.0 1.0
10200.0 5700.0 1.0
10200.0 6000.0 1.0
10200.0 6300.0 1.0
10200.0 6600.0 1.0
10200.0 6900.0 1.0
10200.0 7200.0 1.0
10200.0 7500.0 1.0
10200.0 7800.0 1.0
10200.0 8100.0 1.0
10200.0 8400.0 1.0
10200.0 8700.0 1.0
10200.0 9000.0 1.0
10500.0 -9000.0 1.0
10500.0 -8700.0 1.0
10500.0 -8400.0 1.0
10500.0 -8100.0 1.0
10500.0 -7800.0 1.0
10500.0 -7500.0 1.0
10500.0 -7200.0 1.0
10500.0 -6900.0 1.0
10500.0 -6600.0 1.0
10500.0 -6300.0 1.0
10500.0 -6000.0 1.0
10500.0 -5700.0 1.0
10500.0 -5400.0 1.0
10500.0 -5100.0 1.0
10500.0 -4800.0 1.0
10500.0 -4500.0 1.0
10500.0 -4200.0 1.0
10500.0 -3900.0 1.0
10500.0 -3600.0 1.0
10500.0 -3300.0 1.0
10500.0 -3000.0 1.0
10500.0 -2700.0 1.0
10500.0 -2400.0 1.0
10500.0 -2100.0 1.0
10500.0 -1800.0 1.0
10500.0 -1500.0 1.0
10500.0 -1200.0 1.0
10500.0 -900.0 1.0
10500.0 -600.0 1.0
10500.0 -300.0 1.0
10500.0 0.0 1.0
10500.0 300.0 1.0
10500.0 600.0 1.0
10500.0 900.0 1.0
10500.0 1200.0 1.0
10500.0 1500.0 1.0
10500.0 1800.0 1.0
10500.0 2100.0 1.0
10500.0 2400.0 1.0
10500.0 2700.0 1.0
10500.0 3000.0 1.0
10500.0 3300.0 1.0
10500.0 3600.0 1.0
10500.0 3900.0 1.0
10500.0 4200.0 1.0
10500.0 4500.0 1.0
10500.0 4800.0 1.0
10500.0 5100.0 1.0
10500.0 5400.0 1.0
10500.0 5700.0 1.0
10500.0 6000.0 1.0
10500.0 6300.0 1.0
10500.0 6600.0 1.0
10500.0 6900.0 1.0
10500.0 7200.0 1.0
10500.0 7500.0 1.0
10500.0 7800.0 1.0
10500.0 8100.0 1.0
10500.0 8400.0 1.0
10500.0 8700.0 1.0
10500.0 9000.0 1.0
10800.0 -9000.0 1.0
10800.0 -8700.0 1.0
10800.0 -8400.0 1.0
10800.0 -8100.0 1.0
10800.0 -7800.0 1.0
10800.0 -7500.0 1.0
10800.0 -7200.0 1.0
10800.0 -6900.0 1.0
10800.0 -6600.0 1.0
10800.0 -6300.0 1.0
10800.0 -6000.0 1.0
10800.0 -5700.0 1.0
10800.0 -5400.0 1.0
10800.0 -5100.0 1.0
10800.0 -4800.0 1.0
10800.0 -4500.0 1.0
10800.0 -4200.0 1.0
10800.0 -3900.0 1.0
10800.0 -3600.0 1.0
10800.0 -3300.0 1.0
10800.0 -3000.0 1.0
10800.0 -2700.0 1.0
10800.0 -2400.0 1.0
10800.0 -2100.0 1.0
10800.0 -1800.0 1.0
10800.0 -1500.0 1.0
10800.0 -1200.0 1.0
10800.0 -900.0 1.0
10800.0 -600.0 1.0
10800.0 -300.0 1.0
10800.0 0.0 1.0
10800.0 300.0 1.0
10800.0 600.0 1.0
10800.0 900.0 1.0
10800.0 1200.0 1.0
10800.0 1500.0 1.0
10800.0 1800.0 1.0
10800.0 2100.0 1.0
10800.0 2400.0 1.0
10800.0 2700.0 1.0
10800.0 3000.0 1.0
10800.0 3300.0 1.0
10800.0 3600.0 1.0
10800.0 3900.0 1.0
10800.0 4200.0 1.0
10800.0 4500.0 1.0
10800.0 4800.0 1.0
10800.0 5100.0 1.0
10800.0 5400.0 1.0
10800.0 5700.0 1.0
10800.0 6000.0 1.0
10800.0 6300.0 1.0
10800.0 6600.0 1.0
10800.0 6900.0 1.0
10800.0 7200.0 1.0
10800.0 7500.0 1.0
10800.0 7800.0 1.0
10800.0 8100.0 1.0
10800.0 8400.0 1.0
10800.0 8700.0 1.0
10800.0 9000.0 1.0
11100.0 -9000.0 1.0
11100.0 -8700.0 1.0
11100.0 -8400.0 1.0
11100.0 -8100.0 1.0
11100.0 -7800.0 1.0
11100.0 -7500.0 1.0
11100.0 -7200.0 1.0
11100.0 -6900.0 1.0
11100.0 -6600.0 1.0
11100.0 -6300.0 1.0
11100.0 -6000.0 1.0
11100.0 -5700.0 1.0
11100.0 -5400.0 1.0
11100.0 -5100.0 1.0
11100.0 -4800.0 1.0
11100.0 -4500.0 1.0
11100.0 -4200.0 1.0
11100.0 -3900.0 1.0
11100.0 -3600.0 1.0
11100.0 -3300.0 1.0
11100.0 -3000.0 1.0
11100.0 -2700.0 1.0
11100.0 -2400.0 1.0
11100.0 -2100.0 1.0
11100.0 -1800.0 1.0
11100.0 -1500.0 1.0
11100.0 -1200.0 1.0
11100.0 -900.0 1.0
11100.0 -600.0 1.0
11100.0 -300.0 1.0
11100.0 0.0 1.0
11100.0 300.0 1.0
11100.0 600.0 1.0
11100.0 900.0 1.0
11100.0 1200.0 1.0
11100.0 1500.0 1.0
11100.0 1800.0 1.0
11100.0 2100.0 1.0
11100.0 2400.0 1.0
11100.0 2700.0 1.0
11100.0 3000.0 1.0
11100.0 3300.0 1.0
11100.0 3600.0 1.0
11100.0 3900.0 1.0
11100.0 4200.0 1.0
11100.0 4500.0 1.0
11100.0 4800.0 1.0
11100.0 5100.0 1.0
11100.0 5400.0 1.0
11100.0 5700.0 1.0
11100.0 6000.0 1.0
11100.0 6300.0 1.0
11100.0 6600.0 1.0
11100.0 6900.0 1.0
11100.0 7200.0 1.0
11100.0 7500.0 1.0
11100.0 7800.0 1.0
11100.0 8100.0 1.0
11100.0 8400.0 1.0
11100.0 8700.0 1.0
11100.0 9000.0 1.0
11400.0 -9000.0 1.0
11400.0 -8700.0 1.0
11400.0 -8400.0 1.0
11400.0 -8100.0 1.0
11400.0 -7800.0 1.0
11400.0 -7500.0 1.0
11400.0 -7200.0 1.0
11400.0 -6900.0 1.0
11400.0 -6600.0 1.0
11400.0 -6300.0 1.0
11400.0 -6000.0 1.0
11400.0 -5700.0 1.0
11400.0 -5400.0 1.0
11400.0 -5100.0 1.0
11400.0 -4800.0 1.0
11400.0 -4500.0 1.0
11400.0 -4200.0 1.0
11400.0 -3900.0 1.0
11400.0 -3600.0 1.0
11400.0 -3300.0 1.0
11400.0 -3000.0 1.0
11400.0 -2700.0 1.0
11400.0 -2400.0 1.0
11400.0 -2100.0 1.0
11400.0 -1800.0 1.0
11400.0 -1500.0 1.0
11400.0 -1200.0 1.0
11400.0 -900.0 1.0
11400.0 -600.0 1.0
11400.0 -300.0 1.0
11400.0 0.0 1.0
11400.0 300.0 1.0
11400.0 600.0 1.0
11400.0 900.0 1.0
11400.0 1200.0 1.0
11400.0 1500.0 1.0
11400.0 1800.0 1.0
11400.0 2100.0 1.0
11400.0 2400.0 1.0
11400.0 2700.0 1.0
11400.0 3000.0 1.0
11400.0 3300.0 1.0
11400.0 3600.0 1.0
11400.0 3900.0 1.0
11400.0 4200.0 1.0
11400.0 4500.0 1.0
11400.0 4800.0 1.0
11400.0 5100.0 1.0
11400.0 5400.0 1.0
11400.0 5700.0 1.0
11400.0 6000.0 1.0
11400.0 6300.0 1.0
11400.0 6600.0 1.0
11400.0 6900.0 1.0
11400.0 7200.0 1.0
11400.0 7500.0 1.0
11400.0 7800.0 1.0
11400.0 8100.0 1.0
11400.0 8400.0 1.0
11400.0 8700.0 1.0
11400.0 9000.0 1.0
11700.0 -9000.0 1.0
11700.0 -8700.0 1.0
11700.0 -8400.0 1.0
11700.0 -8100.0 1.0
11700.0 -7800.0 1.0
11700.0 -7500.0 1.0
11700.0 -7200.0 1.0
11700.0 -6900.0 1.0
11700.0 -6600.0 1.0
11700.0 -6300.0 1.0
11700.0 -6000.0 1.0
11700.0 -5700.0 1.0
11700.0 -5400.0 1.0
11700.0 -5100.0 1.0
11700.0 -4800.0 1.0
11700.0 -4500.0 1.0
11700.0 -4200.0 1.0
11700.0 -3900.0 1.0
11700.0 -3600.0 1.0
11700.0 -3300.0 1.0
11700.0 -3000.0 1.0
11700.0 -2700.0 1.0
11700.0 -2400.0 1.0
11700.0 -2100.0 1.0
11700.0 -1800.0 1.0
11700.0 -1500.0 1.0
11700.0 -1200.0 1.0
11700.0 -900.0 1.0
11700.0 -600.0 1.0
11700.0 -300.0 1.0
11700.0 0.0 1.0
11700.0 300.0 1.0
11700.0 600.0 1.0
11700.0 900.0 1.0
11700.0 1200.0 1.0
11700.0 1500.0 1.0
11700.0 1800.0 1.0
11700.0 2100.0 1.0
11700.0 2400.0 1.0
11700.0 2700.0 1.0
11700.0 3000.0 1.0
11700.0 3300.0 1.0
11700.0 3600.0 1.0
11700.0 3900.0 1.0
11700.0 4200.0 1.0
11700.0 4500.0 1.0
11700.0 4800.0 1.0
11700.0 5100.0 1.0
11700.0 5400.0 1.0
11700.0 5700.0 1.0
11700.0 6000.0 1.0
11700.0 6300.0 1.0
11700.0 6600.0 1.0
11700.0 6900.0 1.0
11700.0 7200.0 1.0
11700.0 7500.0 1.0
11700.0 7800.0 1.0
11700.0 8100.0 1.0
11700.0 8400.0 1.0
11700.0 8700.0 1.0
11700.0 9000.0 1.0
12000.0 -9000.0 1.0
12000.0 -8700.0 1.0
12000.0 -8400.0 1.0
12000.0 -8100.0 1.0
12000.0 -7800.0 1.0
12000.0 -7500.0 1.0
12000.0 -7200.0 1.0
12000.0 -6900.0 1.0
12000.0 -6600.0 1.0
12000.0 -6300.0 1.0
12000.0 -6000.0 1.0
12000.0 -5700.0 1.0
12000.0 -5400.0 1.0
12000.0 -5100.0 1.0
12000.0 -4800.0 1.0
12000.0 -4500.0 1.0
12000.0 -4200.0 1.0
12000.0 -3900.0 1.0
12000.0 -3600.0 1.0
12000.0 -3300.0 1.0
12000.0 -3000.0 1.0
12000.0 -2700.0 1.0
12000.0 -2400.0 1.0
12000.0 -2100.0 1.0
12000.0 -1800.0 1.0
12000.0 -1500.0 1.0
12000.0 -1200.0 1.0
12000.0 -900.0 1.0
12000.0 -600.0 1.0
12000.0 -300.0 1.0
12000.0 0.0 1.0
12000.0 300.0 1.0
12000.0 600.0 1.0
12000.0 900.0 1.0
12000.0 1200.0 1.0
12000.0 1500.0 1.0
12000.0 1800.0 1.0
12000.0 2100.0 1.0
12000.0 2400.0 1.0
12000.0 2700.0 1.0
12000.0 3000.0 1.0
12000.0 3300.0 1.0
12000.0 3600.0 1.0
12000.0 3900.0 1.0
12000.0 4200.0 1.0
12000.0 4500.0 1.0
12000.0 4800.0 1.0
12000.0 5100.0 1.0
12000.0 5400.0 1.0
12000.0 5700.0 1.0
12000.0 6000.0 1.0
12000.0 6300.0 1.0
12000.0 6600.0 1.0
12000.0 6900.0 1.0
12000.0 7200.0 1.0
12000.0 7500.0 1.0
12000.0 7800.0 1.0
12000.0 8100.0 1.0
12000.0 8400.0 1.0
12000.0 8700.0 1.0
12000.0 9000.0 1.0
12300.0 -9000.0 1.0
12300.0 -8700.0 1.0
12300.0 -8400.0 1.0
12300.0 -8100.0 1.0
12300.0 -7800.0 1.0
12300.0 -7500.0 1.0
12300.0 -7200.0 1.0
12300.0 -6900.0 1.0
12300.0 -6600.0 1.0
12300.0 -6300.0 1.0
12300.0 -6000.0 1.0
12300.0 -5700.0 1.0
12300.0 -5400.0 1.0
12300.0 -5100.0 1.0
12300.0 -4800.0 1.0
12300.0 -4500.0 1.0
12300.0 -4200.0 1.0
12300.0 -3900.0 1.0
12300.0 -3600.0 1.0
12300.0 -3300.0 1.0
12300.0 -3000.0 1.0
12300.0 -2700.0 1.0
12300.0 -2400.0 1.0
12300.0 -2100.0 1.0
12300.0 -1800.0 1.0
12300.0 -1500.0 1.0
12300.0 -1200.0 1.0
12300.0 -900.0 1.0
12300.0 -600.0 1.0
12300.0 -300.0 1.0
12300.0 0.0 1.0
12300.0 300.0 1.0
12300.0 600.0 1.0
12300.0 900.0 1.0
12300.0 1200.0 1.0
12300.0 1500.0 1.0
12300.0 1800.0 1.0
12300.0 2100.0 1.0
12300.0 2400.0 1.0
12300.0 2700.0 1.0
12300.0 3000.0 1.0
12300.0 3300.0 1.0
12300.0 3600.0 1.0
12300.0 3900.0 1.0
12300.0 4200.0 1.0
12300.0 4500.0 1.0
12300.0 4800.0 1.0
12300.0 5100.0 1.0
12300.0 5400.0 1.0
12300.0 5700.0 1.0
12300.0 6000.0 1.0
12300.0 6300.0 1.0
12300.0 6600.0 1.0
12300.0 6900.0 1.0
12300.0 7200.0 1.0
12300.0 7500.0 1.0
12300.0 7800.0 1.0
12300.0 8100.0 1.0
12300.0 8400.0 1.0
12300.0 8700.0 1.0
12300.0 9000.0 1.0
12600.0 -9000.0 1.0
12600.0 -8700.0 1.0
12600.0 -8400.0 1.0
12600.0 -8100.0 1.0
12600.0 -7800.0 1.0
12600.0 -7500.0 1.0
12600.0 -7200.0 1.0
12600.0 -6900.0 1.0
12600.0 -6600.0 1.0
12600.0 -6300.0 1.0
12600.0 -6000.0 1.0
12600.0 -5700.0 1.0
12600.0 -5400.0 1.0
12600.0 -5100.0 1.0
12600.0 -4800.0 1.0
12600.0 -4500.0 1.0
12600.0 -4200.0 1.0
12600.0 -3900.0 1.0
12600.0 -3600.0 1.0
12600.0 -3300.0 1.0
12600.0 -3000.0 1.0
12600.0 -2700.0 1.0
12600.0 -2400.0 1.0
12600.0 -2100.0 1.0
12600.0 -1800.0 1.0
12600.0 -1500.0 1.0
12600.0 -1200.0 1.0
12600.0 -900.0 1.0
12600.0 -600.0 1.0
12600.0 -300.0 1.0
12600.0 0.0 1.0
12600.0 300.0 1.0
12600.0 600.0 1.0
12600.0 900.0 1.0
12600.0 1200.0 1.0
12600.0 1500.0 1.0
12600.0 1800.0 1.0
12600.0 2100.0 1.0
12600.0 2400.0 1.0
12600.0 2700.0 1.0
12600.0 3000.0 1.0
12600.0 3300.0 1.0
12600.0 3600.0 1.0
12600.0 3900.0 1.0
12600.0 4200.0 1.0
12600.0 4500.0 1.0
12600.0 4800.0 1.0
12600.0 5100.0 1.0
12600.0 5400.0 1.0
12600.0 5700.0 1.0
12600.0 6000.0 1.0
12600.0 6300.0 1.0
12600.0 6600.0 1.0
12600.0 6900.0 1.0
12600.0 7200.0 1.0
12600.0 7500.0 1.0
12600.0 7800.0 1.0
12600.0 8100.0 1.0
12600.0 8400.0 1.0
12600.0 8700.0 1.0
12600.0 9000.0 1.0
12900.0 -9000.0 1.0
12900.0 -8700.0 1.0
12900.0 -8400.0 1.0
12900.0 -8100.0 1.0
12900.0 -7800.0 1.0
12900.0 -7500.0 1.0
12900.0 -7200.0 1.0
12900.0 -6900.0 1.0
12900.0 -6600.0 1.0
12900.0 -6300.0 1.0
12900.0 -6000.0 1.0
12900.0 -5700.0 1.0
12900.0 -5400.0 1.0
12900.0 -5100.0 1.0
12900.0 -4800.0 1.0
12900.0 -4500.0 1.0
12900.0 -4200.0 1.0
12900.0 -3900.0 1.0
12900.0 -3600.0 1.0
12900.0 -3300.0 1.0
12900.0 -3000.0 1.0
12900.0 -2700.0 1.0
12900.0 -2400.0 1.0
12900.0 -2100.0 1.0
12900.0 -1800.0 1.0
12900.0 -1500.0 1.0
12900.0 -1200.0 1.0
12900.0 -900.0 1.0
12900.0 -600.0 1.0
12900.0 -300.0 1.0
12900.0 0.0 1.0
12900.0 300.0 1.0
12900.0 600.0 1.0
12900.0 900.0 1.0
12900.0 1200.0 1.0
12900.0 1500.0 1.0
12900.0 1800.0 1.0
12900.0 2100.0 1.0
12900.0 2400.0 1.0
12900.0 2700.0 1.0
12900.0 3000.0 1.0
12900.0 3300.0 1.0
12900.0 3600.0 1.0
12900.0 3900.0 1.0
12900.0 4200.0 1.0
12900.0 4500.0 1.0
12900.0 4800.0 1.0
12900.0 5100.0 1.0
12900.0 5400.0 1.0
12900.0 5700.0 1.0
12900.0 6000.0 1.0
12900.0 6300.0 1.0
12900.0 6600.0 1.0
12900.0 6900.0 1.0
12900.0 7200.0 1.0
12900.0 7500.0 1.0
12900.0 7800.0 1.0
12900.0 8100.0 1.0
12900.0 8400.0 1.0
12900.0 8700.0 1.0
12900.0 9000.0 1.0
13200.0 -9000.0 1.0
13200.0 -8700.0 1.0
13200.0 -8400.0 1.0
13200.0 -8100.0 1.0
13200.0 -7800.0 1.0
13200.0 -7500.0 1.0
13200.0 -7200.0 1.0
13200.0 -6900.0 1.0
13200.0 -6600.0 1.0
13200.0 -6300.0 1.0
13200.0 -6000.0 1.0
13200.0 -5700.0 1.0
13200.0 -5400.0 1.0
13200.0 -5100.0 1.0
13200.0 -4800.0 1.0
13200.0 -4500.0 1.0
13200.0 -4200.0 1.0
13200.0 -3900.0 1.0
13200.0 -3600.0 1.0
13200.0 -3300.0 1.0
13200.0 -3000.0 1.0
13200.0 -2700.0 1.0
13200.0 -2400.0 1.0
13200.0 -2100.0 1.0
13200.0 -1800.0 1.0
13200.0 -1500.0 1.0
13200.0 -1200.0 1.0
13200.0 -900.0 1.0
13200.0 -600.0 1.0
13200.0 -300.0 1.0
13200.0 0.0 1.0
13200.0 300.0 1.0
13200.0 600.0 1.0
13200.0 900.0 1.0
13200.0 1200.0 1.0
13200.0 1500.0 1.0
13200.0 1800.0 1.0
13200.0 2100.0 1.0
13200.0 2400.0 1.0
13200.0 2700.0 1.0
13200.0 3000.0 1.0
13200.0 3300.0 1.0
13200.0 3600.0 1.0
13200.0 3900.0 1.0
13200.0 4200.0 1.0
13200.0 4500.0 1.0
13200.0 4800.0 1.0
13200.0 5100.0 1.0
13200.0 5400.0 1.0
13200.0 5700.0 1.0
13200.0 6000.0 1.0
13200.0 6300.0 1.0
13200.0 6600.0 1.0
13200.0 6900.0 1.0
13200.0 7200.0 1.0
13200.0 7500.0 1.0
13200.0 7800.0 1.0
13200.0 8100.0 1.0
13200.0 8400.0 1.0
13200.0 8700.0 1.0
13200.0 9000.0 1.0
13500.0 -9000.0 1.0
13500.0 -8700.0 1.0
13500.0 -8400.0 1.0
13500.0 -8100.0 1.0
13500.0 -7800.0 1.0
13500.0 -7500.0 1.0
13500.0 -7200.0 1.0
13500.0 -6900.0 1.0
13500.0 -6600.0 1.0
13500.0 -6300.0 1.0
13500.0 -6000.0 1.0
13500.0 -5700.0 1.0
13500.0 -5400.0 1.0
13500.0 -5100.0 1.0
13500.0 -4800.0 1.0
13500.0 -4500.0 1.0
13500.0 -4200.0 1.0
13500.0 -3900.0 1.0
13500.0 -3600.0 1.0
13500.0 -3300.0 1.0
13500.0 -3000.0 1.0
13500.0 -2700.0 1.0
13500.0 -2400.0 1.0
13500.0 -2100.0 1.0
13500.0 -1800.0 1.0
13500.0 -1500.0 1.0
13500.0 -1200.0 1.0
13500.0 -900.0 1.0
13500.0 -600.0 1.0
13500.0 -300.0 1.0
13500.0 0.0 1.0
13500.0 300.0 1.0
13500.0 600.0 1.0
13500.0 900.0 1.0
13500.0 1200.0 1.0
13500.0 1500.0 1.0
13500.0 1800.0 1.0
13500.0 2100.0 1.0
13500.0 2400.0 1.0
13500.0 2700.0 1.0
13500.0 3000.0 1.0
13500.0 3300.0 1.0
13500.0 3600.0 1.0
13500.0 3900.0 1.0
13500.0 4200.0 1.0
13500.0 4500.0 1.0
13500.0 4800.0 1.0
13500.0 5100.0 1.0
13500.0 5400.0 1.0
13500.0 5700.0 1.0
13500.0 6000.0 1.0
13500.0 6300.0 1.0
13500.0 6600.0 1.0
13500.0 6900.0 1.0
13500.0 7200.0 1.0
13500.0 7500.0 1.0
13500.0 7800.0 1.0
13500.0 8100.0 1.0
13500.0 8400.0 1.0
13500.0 8700.0 1.0
13500.0 9000.0 1.0
13800.0 -9000.0 1.0
13800.0 -8700.0 1.0
13800.0 -8400.0 1.0
13800.0 -8100.0 1.0
13800.0 -7800.0 1.0
13800.0 -7500.0 1.0
13800.0 -7200.0 1.0
13800.0 -6900.0 1.0
13800.0 -6600.0 1.0
13800.0 -6300.0 1.0
13800.0 -6000.0 1.0
13800.0 -5700.0 1.0
13800.0 -5400.0 1.0
13800.0 -5100.0 1.0
13800.0 -4800.0 1.0
13800.0 -4500.0 1.0
13800.0 -4200.0 1.0
13800.0 -3900.0 1.0
13800.0 -3600.0 1.0
13800.0 -3300.0 1.0
13800.0 -3000.0 1.0
13800.0 -2700.0 1.0
13800.0 -2400.0 1.0
13800.0 -2100.0 1.0
13800.0 -1800.0 1.0
13800.0 -1500.0 1.0
13800.0 -1200.0 1.0
13800.0 -900.0 1.0
13800.0 -600.0 1.0
13800.0 -300.0 1.0
13800.0 0.0 1.0
13800.0 300.0 1.0
13800.0 600.0 1.0
13800.0 900.0 1.0
13800.0 1200.0 1.0
13800.0 1500.0 1.0
13800.0 1800.0 1.0
13800.0 2100.0 1.0
13800.0 2400.0 1.0
13800.0 2700.0 1.0
13800.0 3000.0 1.0
13800.0 3300.0 1.0
13800.0 3600.0 1.0
13800.0 3900.0 1.0
13800.0 4200.0 1.0
13800.0 4500.0 1.0
13800.0 4800.0 1.0
13800.0 5100.0 1.0
13800.0 5400.0 1.0
13800.0 5700.0 1.0
13800.0 6000.0 1.0
13800.0 6300.0 1.0
13800.0 6600.0 1.0
13800.0 6900.0 1.0
13800.0 7200.0 1.0
13800.0 7500.0 1.0
13800.0 7800.0 1.0
13800.0 8100.0 1.0
13800.0 8400.0 1.0
13800.0 8700.0 1.0
13800.0 9000.0 1.0
14100.0 -9000.0 1.0
14100.0 -8700.0 1.0
14100.0 -8400.0 1.0
14100.0 -8100.0 1.0
14100.0 -7800.0 1.0
14100.0 -7500.0 1.0
14100.0 -7200.0 1.0
14100.0 -6900.0 1.0
14100.0 -6600.0 1.0
14100.0 -6300.0 1.0
14100.0 -6000.0 1.0
14100.0 -5700.0 1.0
14100.0 -5400.0 1.0
14100.0 -5100.0 1.0
14100.0 -4800.0 1.0
14100.0 -4500.0 1.0
14100.0 -4200.0 1.0
14100.0 -3900.0 1.0
14100.0 -3600.0 1.0
14100.0 -3300.0 1.0
14100.0 -3000.0 1.0
14100.0 -2700.0 1.0
14100.0 -2400.0 1.0
14100.0 -2100.0 1.0
14100.0 -1800.0 1.0
14100.0 -1500.0 1.0
14100.0 -1200.0 1.0
14100.0 -900.0 1.0
14100.0 -600.0 1.0
14100.0 -300.0 1.0
14100.0 0.0 1.0
14100.0 300.0 1.0
14100.0 600.0 1.0
14100.0 900.0 1.0
14100.0 1200.0 1.0
14100.0 1500.0 1.0
14100.0 1800.0 1.0
14100.0 2100.0 1.0
14100.0 2400.0 1.0
14100.0 2700.0 1.0
14100.0 3000.0 1.0
14100.0 3300.0 1.0
14100.0 3600.0 1.0
14100.0 3900.0 1.0
14100.0 4200.0 1.0
14100.0 4500.0 1.0
14100.0 4800.0 1.0
14100.0 5100.0 1.0
14100.0 5400.0 1.0
14100.0 5700.0 1.0
14100.0 6000.0 1.0
14100.0 6300.0 1.0
14100.0 6600.0 1.0
14100.0 6900.0 1.0
14100.0 7200.0 1.0
14100.0 7500.0 1.0
14100.0 7800.0 1.0
14100.0 8100.0 1.0
14100.0 8400.0 1.0
14100.0 8700.0 1.0
14100.0 9000.0 1.0
14400.0 -9000.0 1.0
14400.0 -8700.0 1.0
14400.0 -8400.0 1.0
14400.0 -8100.0 1.0
14400.0 -7800.0 1.0
14400.0 -7500.0 1.0
14400.0 -7200.0 1.0
14400.0 -6900.0 1.0
14400.0 -6600.0 1.0
14400.0 -6300.0 1.0
14400.0 -6000.0 1.0
14400.0 -5700.0 1.0
14400.0 -5400.0 1.0
14400.0 -5100.0 1.0
14400.0 -4800.0 1.0
14400.0 -4500.0 1.0
14400.0 -4200.0 1.0
14400.0 -3900.0 1.0
14400.0 -3600.0 1.0
14400.0 -3300.0 1.0
14400.0 -3000.0 1.0
14400.0 -2700.0 1.0
14400.0 -2400.0 1.0
14400.0 -2100.0 1.0
14400.0 -1800.0 1.0
14400.0 -1500.0 1.0
14400.0 -1200.0 1.0
14400.0 -900.0 1.0
14400.0 -600.0 1.0
14400.0 -300.0 1.0
14400.0 0.0 1.0
14400.0 300.0 1.0
14400.0 600.0 1.0
14400.0 900.0 1.0
14400.0 1200.0 1.0
14400.0 1500.0 1.0
14400.0 1800.0 1.0
14400.0 2100.0 1.0
14400.0 2400.0 1.0
14400.0 2700.0 1.0
14400.0 3000.0 1.0
14400.0 3300.0 1.0
14400.0 3600.0 1.0
14400.0 3900.0 1.0
14400.0 4200.0 1.0
14400.0 4500.0 1.0
14400.0 4800.0 1.0
14400.0 5100.0 1.0
14400.0 5400.0 1.0
14400.0 5700.0 1.0
14400.0 6000.0 1.0
14400.0 6300.0 1.0
14400.0 6600.0 1.0
14400.0 6900.0 1.0
14400.0 7200.0 1.0
14400.0 7500.0 1.0
14400.0 7800.0 1.0
14400.0 8100.0 1.0
14400.0 8400.0 1.0
14400.0 8700.0 1.0
14400.0 9000.0 1.0
14700.0 -9000.0 1.0
14700.0 -8700.0 1.0
14700.0 -8400.0 1.0
14700.0 -8100.0 1.0
14700.0 -7800.0 1.0
14700.0 -7500.0 1.0
14700.0 -7200.0 1.0
14700.0 -6900.0 1.0
14700.0 -6600.0 1.0
14700.0 -6300.0 1.0
14700.0 -6000.0 1.0
14700.0 -5700.0 1.0
14700.0 -5400.0 1.0
14700.0 -5100.0 1.0
14700.0 -4800.0 1.0
14700.0 -4500.0 1.0
14700.0 -4200.0 1.0
14700.0 -3900.0 1.0
14700.0 -3600.0 1.0
14700.0 -3300.0 1.0
14700.0 -3000.0 1.0
14700.0 -2700.0 1.0
14700.0 -2400.0 1.0
14700.0 -2100.0 1.0
14700.0 -1800.0 1.0
14700.0 -1500.0 1.0
14700.0 -1200.0 1.0
14700.0 -900.0 1.0
14700.0 -600.0 1.0
14700.0 -300.0 1.0
14700.0 0.0 1.0
14700.0 300.0 1.0
14700.0 600.0 1.0
14700.0 900.0 1.0
14700.0 1200.0 1.0
14700.0 1500.0 1.0
14700.0 1800.0 1.0
14700.0 2100.0 1.0
14700.0 2400.0 1.0
14700.0 2700.0 1.0
14700.0 3000.0 1.0
14700.0 3300.0 1.0
14700.0 3600.0 1.0
14700.0 3900.0 1.0
14700.0 4200.0 1.0
14700.0 4500.0 1.0
14700.0 4800.0 1.0
14700.0 5100.0 1.0
14700.0 5400.0 1.0
14700.0 5700.0 1.0
14700.0 6000.0 1.0
14700.0 6300.0 1.0
14700.0 6600.0 1.0
14700.0 6900.0 1.0
14700.0 7200.0 1.0
14700.0 7500.0 1.0
14700.0 7800.0 1.0
14700.0 8100.0 1.0
14700.0 8400.0 1.0
14700.0 8700.0 1.0
14700.0 9000.0 1.0
15000.0 -9000.0 1.0
15000.0 -8700.0 1.0
15000.0 -8400.0 1.0
15000.0 -8100.0 1.0
15000.0 -7800.0 1.0
15000.0 -7500.0 1.0
15000.0 -7200.0 1.0
15000.0 -6900.0 1.0
15000.0 -6600.0 1.0
15000.0 -6300.0 1.0
15000.0 -6000.0 1.0
15000.0 -5700.0 1.0
15000.0 -5400.0 1.0
15000.0 -5100.0 1.0
15000.0 -4800.0 1.0
15000.0 -4500.0 1.0
15000.0 -4200.0 1.0
15000.0 -3900.0 1.0
15000.0 -3600.0 1.0
15000.0 -3300.0 1.0
15000.0 -3000.0 1.0
15000.0 -2700.0 1.0
15000.0 -2400.0 1.0
15000.0 -2100.0 1.0
15000.0 -1800.0 1.0
15000.0 -1500.0 1.0
15000.0 -1200.0 1.0
15000.0 -900.0 1.0
15000.0 -600.0 1.0
15000.0 -300.0 1.0
15000.0 0.0 1.0
15000.0 300.0 1.0
15000.0 600.0 1.0
15000.0 900.0 1.0
15000.0 1200.0 1.0
15000.0 1500.0 1.0
15000.0 1800.0 1.0
15000.0 2100.0 1.0
15000.0 2400.0 1.0
15000.0 2700.0 1.0
15000.0 3000.0 1.0
15000.0 3300.0 1.0
15000.0 3600.0 1.0
15000.0 3900.0 1.0
15000.0 4200.0 1.0
15000.0 4500.0 1.0
15000.0 4800.0 1.0
15000.0 5100.0 1.0
15000.0 5400.0 1.0
15000.0 5700.0 1.0
15000.0 6000.0 1.0
15000.0 6300.0 1.0
15000.0 6600.0 1.0
15000.0 6900.0 1.0
15000.0 7200.0 1.0
15000.0 7500.0 1.0
15000.0 7800.0 1.0
15000.0 8100.0 1.0
15000.0 8400.0 1.0
15000.0 8700.0 1.0
15000.0 9000.0 1.0
15300.0 -9000.0 1.0
15300.0 -8700.0 1.0
15300.0 -8400.0 1.0
15300.0 -8100.0 1.0
15300.0 -7800.0 1.0
15300.0 -7500.0 1.0
15300.0 -7200.0 1.0
15300.0 -6900.0 1.0
15300.0 -6600.0 1.0
15300.0 -6300.0 1.0
15300.0 -6000.0 1.0
15300.0 -5700.0 1.0
15300.0 -5400.0 1.0
15300.0 -5100.0 1.0
15300.0 -4800.0 1.0
15300.0 -4500.0 1.0
15300.0 -4200.0 1.0
15300.0 -3900.0 1.0
15300.0 -3600.0 1.0
15300.0 -3300.0 1.0
15300.0 -3000.0 1.0
15300.0 -2700.0 1.0
15300.0 -2400.0 1.0
15300.0 -2100.0 1.0
15300.0 -1800.0 1.0
15300.0 -1500.0 1.0
15300.0 -1200.0 1.0
15300.0 -900.0 1.0
15300.0 -600.0 1.0
15300.0 -300.0 1.0
15300.0 0.0 1.0
15300.0 300.0 1.0
15300.0 600.0 1.0
15300.0 900.0 1.0
15300.0 1200.0 1.0
15300.0 1500.0 1.0
15300.0 1800.0 1.0
15300.0 2100.0 1.0
15300.0 2400.0 1.0
15300.0 2700.0 1.0
15300.0 3000.0 1.0
15300.0 3300.0 1.0
15300.0 3600.0 1.0
15300.0 3900.0 1.0
15300.0 4200.0 1.0
15300.0 4500.0 1.0
15300.0 4800.0 1.0
15300.0 5100.0 1.0
15300.0 5400.0 1.0
15300.0 5700.0 1.0
15300.0 6000.0 1.0
15300.0 6300.0 1.0
15300.0 6600.0 1.0
15300.0 6900.0 1.0
15300.0 7200.0 1.0
15300.0 7500.0 1.0
15300.0 7800.0 1.0
15300.0 8100.0 1.0
15300.0 8400.0 1.0
15300.0 8700.0 1.0
15300.0 9000.0 1.0
15600.0 -9000.0 1.0
15600.0 -8700.0 1.0
15600.0 -8400.0 1.0
15600.0 -8100.0 1.0
15600.0 -7800.0 1.0
15600.0 -7500.0 1.0
15600.0 -7200.0 1.0
15600.0 -6900.0 1.0
15600.0 -6600.0 1.0
15600.0 -6300.0 1.0
15600.0 -6000.0 1.0
15600.0 -5700.0 1.0
15600.0 -5400.0 1.0
15600.0 -5100.0 1.0
15600.0 -4800.0 1.0
15600.0 -4500.0 1.0
15600.0 -4200.0 1.0
15600.0 -3900.0 1.0
15600.0 -3600.0 1.0
15600.0 -3300.0 1.0
15600.0 -3000.0 1.0
15600.0 -2700.0 1.0
15600.0 -2400.0 1.0
15600.0 -2100.0 1.0
15600.0 -1800.0 1.0
15600.0 -1500.0 1.0
15600.0 -1200.0 1.0
15600.0 -900.0 1.0
15600.0 -600.0 1.0
15600.0 -300.0 1.0
15600.0 0.0 1.0
15600.0 300.0 1.0
15600.0 600.0 1.0
15600.0 900.0 1.0
15600.0 1200.0 1.0
15600.0 1500.0 1.0
15600.0 1800.0 1.0
15600.0 2100.0 1.0
15600.0 2400.0 1.0
15600.0 2700.0 1.0
15600.0 3000.0 1.0
15600.0 3300.0 1.0
15600.0 3600.0 1.0
15600.0 3900.0 1.0
15600.0 4200.0 1.0
15600.0 4500.0 1.0
15600.0 4800.0 1.0
15600.0 5100.0 1.0
15600.0 5400.0 1.0
15600.0 5700.0 1.0
15600.0 6000.0 1.0
15600.0 6300.0 1.0
15600.0 6600.0 1.0
15600.0 6900.0 1.0
15600.0 7200.0 1.0
15600.0 7500.0 1.0
15600.0 7800.0 1.0
15600.0 8100.0 1.0
15600.0 8400.0 1.0
15600.0 8700.0 1.0
15600.0 9000.0 1.0
15900.0 -9000.0 1.0
15900.0 -8700.0 1.0
15900.0 -8400.0 1.0
15900.0 -8100.0 1.0
15900.0 -7800.0 1.0
15900.0 -7500.0 1.0
15900.0 -7200.0 1.0
15900.0 -6900.0 1.0
15900.0 -6600.0 1.0
15900.0 -6300.0 1.0
15900.0 -6000.0 1.0
15900.0 -5700.0 1.0
15900.0 -5400.0 1.0
15900.0 -5100.0 1.0
15900.0 -4800.0 1.0
15900.0 -4500.0 1.0
15900.0 -4200.0 1.0
15900.0 -3900.0 1.0
15900.0 -3600.0 1.0
15900.0 -3300.0 1.0
15900.0 -3000.0 1.0
15900.0 -2700.0 1.0
15900.0 -2400.0 1.0
15900.0 -2100.0 1.0
15900.0 -1800.0 1.0
15900.0 -1500.0 1.0
15900.0 -1200.0 1.0
15900.0 -900.0 1.0
15900.0 -600.0 1.0
15900.0 -300.0 1.0
15900.0 0.0 1.0
15900.0 300.0 1.0
15900.0 600.0 1.0
15900.0 900.0 1.0
15900.0 1200.0 1.0
15900.0 1500.0 1.0
15900.0 1800.0 1.0
15900.0 2100.0 1.0
15900.0 2400.0 1.0
15900.0 2700.0 1.0
15900.0 3000.0 1.0
15900.0 3300.0 1.0
15900.0 3600.0 1.0
15900.0 3900.0 1.0
15900.0 4200.0 1.0
15900.0 4500.0 1.0
15900.0 4800.0 1.0
15900.0 5100.0 1.0
15900.0 5400.0 1.0
15900.0 5700.0 1.0
15900.0 6000.0 1.0
15900.0 6300.0 1.0
15900.0 6600.0 1.0
15900.0 6900.0 1.0
15900.0 7200.0 1.0
15900.0 7500.0 1.0
15900.0 7800.0 1.0
15900.0 8100.0 1.0
15900.0 8400.0 1.0
15900.0 8700.0 1.0
15900.0 9000.0 1.0
16200.0 -9000.0 1.0
16200.0 -8700.0 1.0
16200.0 -8400.0 1.0
16200.0 -8100.0 1.0
16200.0 -7800.0 1.0
16200.0 -7500.0 1.0
16200.0 -7200.0 1.0
16200.0 -6900.0 1.0
16200.0 -6600.0 1.0
16200.0 -6300.0 1.0
16200.0 -6000.0 1.0
16200.0 -5700.0 1.0
16200.0 -5400.0 1.0
16200.0 -5100.0 1.0
16200.0 -4800.0 1.0
16200.0 -4500.0 1.0
16200.0 -4200.0 1.0
16200.0 -3900.0 1.0
16200.0 -3600.0 1.0
16200.0 -3300.0 1.0
16200.0 -3000.0 1.0
16200.0 -2700.0 1.0
16200.0 -2400.0 1.0
16200.0 -2100.0 1.0
16200.0 -1800.0 1.0
16200.0 -1500.0 1.0
16200.0 -1200.0 1.0
16200.0 -900.0 1.0
16200.0 -600.0 1.0
16200.0 -300.0 1.0
16200.0 0.0 1.0
16200.0 300.0 1.0
16200.0 600.0 1.0
16200.0 900.0 1.0
16200.0 1200.0 1.0
16200.0 1500.0 1.0
16200.0 1800.0 1.0
16200.0 2100.0 1.0
16200.0 2400.0 1.0
16200.0 2700.0 1.0
16200.0 3000.0 1.0
16200.0 3300.0 1.0
16200.0 3600.0 1.0
16200.0 3900.0 1.0
16200.0 4200.0 1.0
16200.0 4500.0 1.0
16200.0 4800.0 1.0
16200.0 5100.0 1.0
16200.0 5400.0 1.0
16200.0 5700.0 1.0
16200.0 6000.0 1.0
16200.0 6300.0 1.0
16200.0 6600.0 1.0
16200.0 6900.0 1.0
16200.0 7200.0 1.0
16200.0 7500.0 1.0
16200.0 7800.0 1.0
16200.0 8100.0 1.0
16200.0 8400.0 1.0
16200.0 8700.0 1.0
16200.0 9000.0 1.0
16500.0 -9000.0 1.0
16500.0 -8700.0 1.0
16500.0 -8400.0 1.0
16500.0 -8100.0 1.0
16500.0 -7800.0 1.0
16500.0 -7500.0 1.0
16500.0 -7200.0 1.0
16500.0 -6900.0 1.0
16500.0 -6600.0 1.0
16500.0 -6300.0 1.0
16500.0 -6000.0 1.0
16500.0 -5700.0 1.0
16500.0 -5400.0 1.0
16500.0 -5100.0 1.0
16500.0 -4800.0 1.0
16500.0 -4500.0 1.0
16500.0 -4200.0 1.0
16500.0 -3900.0 1.0
16500.0 -3600.0 1.0
16500.0 -3300.0 1.0
16500.0 -3000.0 1.0
16500.0 -2700.0 1.0
16500.0 -2400.0 1.0
16500.0 -2100.0 1.0
16500.0 -1800.0 1.0
16500.0 -1500.0 1.0
16500.0 -1200.0 1.0
16500.0 -900.0 1.0
16500.0 -600.0 1.0
16500.0 -300.0 1.0
16500.0 0.0 1.0
16500.0 300.0 1.0
16500.0 600.0 1.0
16500.0 900.0 1.0
16500.0 1200.0 1.0
16500.0 1500.0 1.0
16500.0 1800.0 1.0
16500.0 2100.0 1.0
16500.0 2400.0 1.0
16500.0 2700.0 1.0
16500.0 3000.0 1.0
16500.0 3300.0 1.0
16500.0 3600.0 1.0
16500.0 3900.0 1.0
16500.0 4200.0 1.0
16500.0 4500.0 1.0
16500.0 4800.0 1.0
16500.0 5100.0 1.0
16500.0 5400.0 1.0
16500.0 5700.0 1.0
16500.0 6000.0 1.0
16500.0 6300.0 1.0
16500.0 6600.0 1.0
16500.0 6900.0 1.0
16500.0 7200.0 1.0
16500.0 7500.0 1.0
16500.0 7800.0 1.0
16500.0 8100.0 1.0
16500.0 8400.0 1.0
16500.0 8700.0 1.0
16500.0 9000.0 1.0
16800.0 -9000.0 1.0
16800.0 -8700.0 1.0
16800.0 -8400.0 1.0
16800.0 -8100.0 1.0
16800.0 -7800.0 1.0
16800.0 -7500.0 1.0
16800.0 -7200.0 1.0
16800.0 -6900.0 1.0
16800.0 -6600.0 1.0
16800.0 -6300.0 1.0
16800.0 -6000.0 1.0
16800.0 -5700.0 1.0
16800.0 -5400.0 1.0
16800.0 -5100.0 1.0
16800.0 -4800.0 1.0
16800.0 -4500.0 1.0
16800.0 -4200.0 1.0
16800.0 -3900.0 1.0
16800.0 -3600.0 1.0
16800.0 -3300.0 1.0
16800.0 -3000.0 1.0
16800.0 -2700.0 1.0
16800.0 -2400.0 1.0
16800.0 -2100.0 1.0
16800.0 -1800.0 1.0
16800.0 -1500.0 1.0
16800.0 -1200.0 1.0
16800.0 -900.0 1.0
16800.0 -600.0 1.0
16800.0 -300.0 1.0
16800.0 0.0 1.0
16800.0 300.0 1.0
16800.0 600.0 1.0
16800.0 900.0 1.0
16800.0 1200.0 1.0
16800.0 1500.0 1.0
16800.0 1800.0 1.0
16800.0 2100.0 1.0
16800.0 2400.0 1.0
16800.0 2700.0 1.0
16800.0 3000.0 1.0
16800.0 3300.0 1.0
16800.0 3600.0 1.0
16800.0 3900.0 1.0
16800.0 4200.0 1.0
16800.0 4500.0 1.0
16800.0 4800.0 1.0
16800.0 5100.0 1.0
16800.0 5400.0 1.0
16800.0 5700.0 1.0
16800.0 6000.0 1.0
16800.0 6300.0 1.0
16800.0 6600.0 1.0
16800.0 6900.0 1.0
16800.0 7200.0 1.0
16800.0 7500.0 1.0
16800.0 7800.0 1.0
16800.0 8100.0 1.0
16800.0 8400.0 1.0
16800.0 8700.0 1.0
16800.0 9000.0 1.0
17100.0 -9000.0 1.0
17100.0 -8700.0 1.0
17100.0 -8400.0 1.0
17100.0 -8100.0 1.0
17100.0 -7800.0 1.0
17100.0 -7500.0 1.0
17100.0 -7200.0 1.0
17100.0 -6900.0 1.0
17100.0 -6600.0 1.0
17100.0 -6300.0 1.0
17100.0 -6000.0 1.0
17100.0 -5700.0 1.0
17100.0 -5400.0 1.0
17100.0 -5100.0 1.0
17100.0 -4800.0 1.0
17100.0 -4500.0 1.0
17100.0 -4200.0 1.0
17100.0 -3900.0 1.0
17100.0 -3600.0 1.0
17100.0 -3300.0 1.0
17100.0 -3000.0 1.0
17100.0 -2700.0 1.0
17100.0 -2400.0 1.0
17100.0 -2100.0 1.0
17100.0 -1800.0 1.0
17100.0 -1500.0 1.0
17100.0 -1200.0 1.0
17100.0 -900.0 1.0
17100.0 -600.0 1.0
17100.0 -300.0 1.0
17100.0 0.0 1.0
17100.0 300.0 1.0
17100.0 600.0 1.0
17100.0 900.0 1.0
17100.0 1200.0 1.0
17100.0 1500.0 1.0
17100.0 1800.0 1.0
17100.0 2100.0 1.0
17100.0 2400.0 1.0
17100.0 2700.0 1.0
17100.0 3000.0 1.0
17100.0 3300.0 1.0
17100.0 3600.0 1.0
17100.0 3900.0 1.0
17100.0 4200.0 1.0
17100.0 4500.0 1.0
17100.0 4800.0 1.0
17100.0 5100.0 1.0
17100.0 5400.0 1.0
17100.0 5700.0 1.0
17100.0 6000.0 1.0
17100.0 6300.0 1.0
17100.0 6600.0 1.0
17100.0 6900.0 1.0
17100.0 7200.0 1.0
17100.0 7500.0 1.0
17100.0 7800.0 1.0
17100.0 8100.0 1.0
17100.0 8400.0 1.0
17100.0 8700.0 1.0
17100.0 9000.0 1.0
17400.0 -9000.0 1.0
17400.0 -8700.0 1.0
17400.0 -8400.0 1.0
17400.0 -8100.0 1.0
17400.0 -7800.0 1.0
17400.0 -7500.0 1.0
17400.0 -7200.0 1.0
17400.0 -6900.0 1.0
17400.0 -6600.0 1.0
17400.0 -6300.0 1.0
17400.0 -6000.0 1.0
17400.0 -5700.0 1.0
17400.0 -5400.0 1.0
17400.0 -5100.0 1.0
17400.0 -4800.0 1.0
17400.0 -4500.0 1.0
17400.0 -4200.0 1.0
17400.0 -3900.0 1.0
17400.0 -3600.0 1.0
17400.0 -3300.0 1.0
17400.0 -3000.0 1.0
17400.0 -2700.0 1.0
17400.0 -2400.0 1.0
17400.0 -2100.0 1.0
17400.0 -1800.0 1.0
17400.0 -1500.0 1.0
17400.0 -1200.0 1.0
17400.0 -900.0 1.0
17400.0 -600.0 1.0
17400.0 -300.0 1.0
17400.0 0.0 1.0
17400.0 300.0 1.0
17400.0 600.0 1.0
17400.0 900.0 1.0
17400.0 1200.0 1.0
17400.0 1500.0 1.0
17400.0 1800.0 1.0
17400.0 2100.0 1.0
17400.0 2400.0 1.0
17400.0 2700.0 1.0
17400.0 3000.0 1.0
17400.0 3300.0 1.0
17400.0 3600.0 1.0
17400.0 3900.0 1.0
17400.0 4200.0 1.0
17400.0 4500.0 1.0
17400.0 4800.0 1.0
17400.0 5100.0 1.0
17400.0 5400.0 1.0
17400.0 5700.0 1.0
17400.0 6000.0 1.0
17400.0 6300.0 1.0
17400.0 6600.0 1.0
17400.0 6900.0 1.0
17400.0 7200.0 1.0
17400.0 7500.0 1.0
17400.0 7800.0 1.0
17400.0 8100.0 1.0
17400.0 8400.0 1.0
17400.0 8700.0 1.0
17400.0 9000.0 1.0
17700.0 -9000.0 1.0
17700.0 -8700.0 1.0
17700.0 -8400.0 1.0
17700.0 -8100.0 1.0
17700.0 -7800.0 1.0
17700.0 -7500.0 1.0
17700.0 -7200.0 1.0
17700.0 -6900.0 1.0
17700.0 -6600.0 1.0
17700.0 -6300.0 1.0
17700.0 -6000.0 1.0
17700.0 -5700.0 1.0
17700.0 -5400.0 1.0
17700.0 -5100.0 1.0
17700.0 -4800.0 1.0
17700.0 -4500.0 1.0
17700.0 -4200.0 1.0
17700.0 -3900.0 1.0
17700.0 -3600.0 1.0
17700.0 -3300.0 1.0
17700.0 -3000.0 1.0
17700.0 -2700.0 1.0
17700.0 -2400.0 1.0
17700.0 -2100.0 1.0
17700.0 -1800.0 1.0
17700.0 -1500.0 1.0
17700.0 -1200.0 1.0
17700.0 -900.0 1.0
17700.0 -600.0 1.0
17700.0 -300.0 1.0
17700.0 0.0 1.0
17700.0 300.0 1.0
17700.0 600.0 1.0
17700.0 900.0 1.0
17700.0 1200.0 1.0
17700.0 1500.0 1.0
17700.0 1800.0 1.0
17700.0 2100.0 1.0
17700.0 2400.0 1.0
17700.0 2700.0 1.0
17700.0 3000.0 1.0
17700.0 3300.0 1.0
17700.0 3600.0 1.0
17700.0 3900.0 1.0
17700.0 4200.0 1.0
17700.0 4500.0 1.0
17700.0 4800.0 1.0
17700.0 5100.0 1.0
17700.0 5400.0 1.0
17700.0 5700.0 1.0
17700.0 6000.0 1.0
17700.0 6300.0 1.0
17700.0 6600.0 1.0
17700.0 6900.0 1.0
17700.0 7200.0 1.0
17700.0 7500.0 1.0
17700.0 7800.0 1.0
17700.0 8100.0 1.0
17700.0 8400.0 1.0
17700.0 8700.0 1.0
17700.0 9000.0 1.0
18000.0 -9000.0 1.0
18000.0 -8700.0 1.0
18000.0 -8400.0 1.0
18000.0 -8100.0 1.0
18000.0 -7800.0 1.0
18000.0 -7500.0 1.0
18000.0 -7200.0 1.0
18000.0 -6900.0 1.0
18000.0 -6600.0 1.0
18000.0 -6300.0 1.0
18000.0 -6000.0 1.0
18000.0 -5700.0 1.0
18000.0 -5400.0 1.0
18000.0 -5100.0 1.0
18000.0 -4800.0 1.0
18000.0 -4500.0 1.0
18000.0 -4200.0 1.0
18000.0 -3900.0 1.0
18000.0 -3600.0 1.0
18000.0 -3300.0 1.0
18000.0 -3000.0 1.0
18000.0 -2700.0 1.0
18000.0 -2400.0 1.0
18000.0 -2100.0 1.0
18000.0 -1800.0 1.0
18000.0 -1500.0 1.0
18000.0 -1200.0 1.0
18000.0 -900.0 1.0
18000.0 -600.0 1.0
18000.0 -300.0 1.0
18000.0 0.0 1.0
18000.0 300.0 1.0
18000.0 600.0 1.0
18000.0 900.0 1.0
18000.0 1200.0 1.0
18000.0 1500.0 1.0
18000.0 1800.0 1.0
18000.0 2100.0 1.0
18000.0 2400.0 1.0
18000.0 2700.0 1.0
18000.0 3000.0 1.0
18000.0 3300.0 1.0
18000.0 3600.0 1.0
18000.0 3900.0 1.0
18000.0 4200.0 1.0
18000.0 4500.0 1.0
18000.0 4800.0 1.0
18000.0 5100.0 1.0
18000.0 5400.0 1.0
18000.0 5700.0 1.0
18000.0 6000.0 1.0
18000.0 6300.0 1.0
18000.0 6600.0 1.0
18000.0 6900.0 1.0
18000.0 7200.0 1.0
18000.0 7500.0 1.0
18000.0 7800.0 1.0
18000.0 8100.0 1.0
18000.0 8400.0 1.0
18000.0 8700.0 1.0
18000.0 9000.0 1.0
18300.0 -9000.0 1.0
18300.0 -8700.0 1.0
18300.0 -8400.0 1.0
18300.0 -8100.0 1.0
18300.0 -7800.0 1.0
18300.0 -7500.0 1.0
18300.0 -7200.0 1.0
18300.0 -6900.0 1.0
18300.0 -6600.0 1.0
18300.0 -6300.0 1.0
18300.0 -6000.0 1.0
18300.0 -5700.0 1.0
18300.0 -5400.0 1.0
18300.0 -5100.0 1.0
18300.0 -4800.0 1.0
18300.0 -4500.0 1.0
18300.0 -4200.0 1.0
18300.0 -3900.0 1.0
18300.0 -3600.0 1.0
18300.0 -3300.0 1.0
18300.0 -3000.0 1.0
18300.0 -2700.0 1.0
18300.0 -2400.0 1.0
18300.0 -2100.0 1.0
18300.0 -1800.0 1.0
18300.0 -1500.0 1.0
18300.0 -1200.0 1.0
18300.0 -900.0 1.0
18300.0 -600.0 1.0
18300.0 -300.0 1.0
18300.0 0.0 1.0
18300.0 300.0 1.0
18300.0 600.0 1.0
18300.0 900.0 1.0
18300.0 1200.0 1.0
18300.0 1500.0 1.0
18300.0 1800.0 1.0
18300.0 2100.0 1.0
18300.0 2400.0 1.0
18300.0 2700.0 1.0
18300.0 3000.0 1.0
18300.0 3300.0 1.0
18300.0 3600.0 1.0
18300.0 3900.0 1.0
18300.0 4200.0 1.0
18300.0 4500.0 1.0
18300.0 4800.0 1.0
18300.0 5100.0 1.0
18300.0 5400.0 1.0
18300.0 5700.0 1.0
18300.0 6000.0 1.0
18300.0 6300.0 1.0
18300.0 6600.0 1.0
18300.0 6900.0 1.0
18300.0 7200.0 1.0
18300.0 7500.0 1.0
18300.0 7800.0 1.0
18300.0 8100.0 1.0
18300.0 8400.0 1.0
18300.0 8700.0 1.0
18300.0 9000.0 1.0
18600.0 -9000.0 1.0
18600.0 -8700.0 1.0
18600.0 -8400.0 1.0
18600.0 -8100.0 1.0
18600.0 -7800.0 1.0
18600.0 -7500.0 1.0
18600.0 -7200.0 1.0
18600.0 -6900.0 1.0
18600.0 -6600.0 1.0
18600.0 -6300.0 1.0
18600.0 -6000.0 1.0
18600.0 -5700.0 1.0
18600.0 -5400.0 1.0
18600.0 -5100.0 1.0
18600.0 -4800.0 1.0
18600.0 -4500.0 1.0
18600.0 -4200.0 1.0
18600.0 -3900.0 1.0
18600.0 -3600.0 1.0
18600.0 -3300.0 1.0
18600.0 -3000.0 1.0
18600.0 -2700.0 1.0
18600.0 -2400.0 1.0
18600.0 -2100.0 1.0
18600.0 -1800.0 1.0
18600.0 -1500.0 1.0
18600.0 -1200.0 1.0
18600.0 -900.0 1.0
18600.0 -600.0 1.0
18600.0 -300.0 1.0
18600.0 0.0 1.0
18600.0 300.0 1.0
18600.0 600.0 1.0
18600.0 900.0 1.0
18600.0 1200.0 1.0
18600.0 1500.0 1.0
18600.0 1800.0 1.0
18600.0 2100.0 1.0
18600.0 2400.0 1.0
18600.0 2700.0 1.0
18600.0 3000.0 1.0
18600.0 3300.0 1.0
18600.0 3600.0 1.0
18600.0 3900.0 1.0
18600.0 4200.0 1.0
18600.0 4500.0 1.0
18600.0 4800.0 1.0
18600.0 5100.0 1.0
18600.0 5400.0 1.0
18600.0 5700.0 1.0
18600.0 6000.0 1.0
18600.0 6300.0 1.0
18600.0 6600.0 1.0
18600.0 6900.0 1.0
18600.0 7200.0 1.0
18600.0 7500.0 1.0
18600.0 7800.0 1.0
18600.0 8100.0 1.0
18600.0 8400.0 1.0
18600.0 8700.0 1.0
18600.0 9000.0 1.0
18900.0 -9000.0 1.0
18900.0 -8700.0 1.0
18900.0 -8400.0 1.0
18900.0 -8100.0 1.0
18900.0 -7800.0 1.0
18900.0 -7500.0 1.0
18900.0 -7200.0 1.0
18900.0 -6900.0 1.0
18900.0 -6600.0 1.0
18900.0 -6300.0 1.0
18900.0 -6000.0 1.0
18900.0 -5700.0 1.0
18900.0 -5400.0 1.0
18900.0 -5100.0 1.0
18900.0 -4800.0 1.0
18900.0 -4500.0 1.0
18900.0 -4200.0 1.0
18900.0 -3900.0 1.0
18900.0 -3600.0 1.0
18900.0 -3300.0 1.0
18900.0 -3000.0 1.0
18900.0 -2700.0 1.0
18900.0 -2400.0 1.0
18900.0 -2100.0 1.0
18900.0 -1800.0 1.0
18900.0 -1500.0 1.0
18900.0 -1200.0 1.0
18900.0 -900.0 1.0
18900.0 -600.0 1.0
18900.0 -300.0 1.0
18900.0 0.0 1.0
18900.0 300.0 1.0
18900.0 600.0 1.0
18900.0 900.0 1.0
18900.0 1200.0 1.0
18900.0 1500.0 1.0
18900.0 1800.0 1.0
18900.0 2100.0 1.0
18900.0 2400.0 1.0
18900.0 2700.0 1.0
18900.0 3000.0 1.0
18900.0 3300.0 1.0
18900.0 3600.0 1.0
18900.0 3900.0 1.0
18900.0 4200.0 1.0
18900.0 4500.0 1.0
18900.0 4800.0 1.0
18900.0 5100.0 1.0
18900.0 5400.0 1.0
18900.0 5700.0 1.0
18900.0 6000.0 1.0
18900.0 6300.0 1.0
18900.0 6600.0 1.0
18900.0 6900.0 1.0
18900.0 7200.0 1.0
18900.0 7500.0 1.0
18900.0 7800.0 1.0
18900.0 8100.0 1.0
18900.0 8400.0 1.0
18900.0 8700.0 1.0
18900.0 9000.0 1.0
19200.0 -9000.0 1.0
19200.0 -8700.0 1.0
19200.0 -8400.0 1.0
19200.0 -8100.0 1.0
19200.0 -7800.0 1.0
19200.0 -7500.0 1.0
19200.0 -7200.0 1.0
19200.0 -6900.0 1.0
19200.0 -6600.0 1.0
19200.0 -6300.0 1.0
19200.0 -6000.0 1.0
19200.0 -5700.0 1.0
19200.0 -5400.0 1.0
19200.0 -5100.0 1.0
19200.0 -4800.0 1.0
19200.0 -4500.0 1.0
19200.0 -4200.0 1.0
19200.0 -3900.0 1.0
19200.0 -3600.0 1.0
19200.0 -3300.0 1.0
19200.0 -3000.0 1.0
19200.0 -2700.0 1.0
19200.0 -2400.0 1.0
19200.0 -2100.0 1.0
19200.0 -1800.0 1.0
19200.0 -1500.0 1.0
19200.0 -1200.0 1.0
19200.0 -900.0 1.0
19200.0 -600.0 1.0
19200.0 -300.0 1.0
19200.0 0.0 1.0
19200.0 300.0 1.0
19200.0 600.0 1.0
19200.0 900.0 1.0
19200.0 1200.0 1.0
19200.0 1500.0 1.0
19200.0 1800.0 1.0
19200.0 2100.0 1.0
19200.0 2400.0 1.0
19200.0 2700.0 1.0
19200.0 3000.0 1.0
19200.0 3300.0 1.0
19200.0 3600.0 1.0
19200.0 3900.0 1.0
19200.0 4200.0 1.0
19200.0 4500.0 1.0
19200.0 4800.0 1.0
19200.0 5100.0 1.0
19200.0 5400.0 1.0
19200.0 5700.0 1.0
19200.0 6000.0 1.0
19200.0 6300.0 1.0
19200.0 6600.0 1.0
19200.0 6900.0 1.0
19200.0 7200.0 1.0
19200.0 7500.0 1.0
19200.0 7800.0 1.0
19200.0 8100.0 1.0
19200.0 8400.0 1.0
19200.0 8700.0 1.0
19200.0 9000.0 1.0
19500.0 -9000.0 1.0
19500.0 -8700.0 1.0
19500.0 -8400.0 1.0
19500.0 -8100.0 1.0
19500.0 -7800.0 1.0
19500.0 -7500.0 1.0
19500.0 -7200.0 1.0
19500.0 -6900.0 1.0
19500.0 -6600.0 1.0
19500.0 -6300.0 1.0
19500.0 -6000.0 1.0
19500.0 -5700.0 1.0
19500.0 -5400.0 1.0
19500.0 -5100.0 1.0
19500.0 -4800.0 1.0
19500.0 -4500.0 1.0
19500.0 -4200.0 1.0
19500.0 -3900.0 1.0
19500.0 -3600.0 1.0
19500.0 -3300.0 1.0
19500.0 -3000.0 1.0
19500.0 -2700.0 1.0
19500.0 -2400.0 1.0
19500.0 -2100.0 1.0
19500.0 -1800.0 1.0
19500.0 -1500.0 1.0
19500.0 -1200.0 1.0
19500.0 -900.0 1.0
19500.0 -600.0 1.0
19500.0 -300.0 1.0
19500.0 0.0 1.0
19500.0 300.0 1.0
19500.0 600.0 1.0
19500.0 900.0 1.0
19500.0 1200.0 1.0
19500.0 1500.0 1.0
19500.0 1800.0 1.0
19500.0 2100.0 1.0
19500.0 2400.0 1.0
19500.0 2700.0 1.0
19500.0 3000.0 1.0
19500.0 3300.0 1.0
19500.0 3600.0 1.0
19500.0 3900.0 1.0
19500.0 4200.0 1.0
19500.0 4500.0 1.0
19500.0 4800.0 1.0
19500.0 5100.0 1.0
19500.0 5400.0 1.0
19500.0 5700.0 1.0
19500.0 6000.0 1.0
19500.0 6300.0 1.0
19500.0 6600.0 1.0
19500.0 6900.0 1.0
19500.0 7200.0 1.0
19500.0 7500.0 1.0
19500.0 7800.0 1.0
19500.0 8100.0 1.0
19500.0 8400.0 1.0
19500.0 8700.0 1.0
19500.0 9000.0 1.0
19800.0 -9000.0 1.0
19800.0 -8700.0 1.0
19800.0 -8400.0 1.0
19800.0 -8100.0 1.0
19800.0 -7800.0 1.0
19800.0 -7500.0 1.0
19800.0 -7200.0 1.0
19800.0 -6900.0 1.0
19800.0 -6600.0 1.0
19800.0 -6300.0 1.0
19800.0 -6000.0 1.0
19800.0 -5700.0 1.0
19800.0 -5400.0 1.0
19800.0 -5100.0 1.0
19800.0 -4800.0 1.0
19800.0 -4500.0 1.0
19800.0 -4200.0 1.0
19800.0 -3900.0 1.0
19800.0 -3600.0 1.0
19800.0 -3300.0 1.0
19800.0 -3000.0 1.0
19800.0 -2700.0 1.0
19800.0 -2400.0 1.0
19800.0 -2100.0 1.0
19800.0 -1800.0 1.0
19800.0 -1500.0 1.0
19800.0 -1200.0 1.0
19800.0 -900.0 1.0
19800.0 -600.0 1.0
19800.0 -300.0 1.0
19800.0 0.0 1.0
19800.0 300.0 1.0
19800.0 600.0 1.0
19800.0 900.0 1.0
19800.0 1200.0 1.0
19800.0 1500.0 1.0
19800.0 1800.0 1.0
19800.0 2100.0 1.0
19800.0 2400.0 1.0
19800.0 2700.0 1.0
19800.0 3000.0 1.0
19800.0 3300.0 1.0
19800.0 3600.0 1.0
19800.0 3900.0 1.0
19800.0 4200.0 1.0
19800.0 4500.0 1.0
19800.0 4800.0 1.0
19800.0 5100.0 1.0
19800.0 5400.0 1.0
19800.0 5700.0 1.0
19800.0 6000.0 1.0
19800.0 6300.0 1.0
19800.0 6600.0 1.0
19800.0 6900.0 1.0
19800.0 7200.0 1.0
19800.0 7500.0 1.0
19800.0 7800.0 1.0
19800.0 8100.0 1.0
19800.0 8400.0 1.0
19800.0 8700.0 1.0
19800.0 9000.0 1.0
20100.0 -9000.0 1.0
20100.0 -8700.0 1.0
20100.0 -8400.0 1.0
20100.0 -8100.0 1.0
20100.0 -7800.0 1.0
20100.0 -7500.0 1.0
20100.0 -7200.0 1.0
20100.0 -6900.0 1.0
20100.0 -6600.0 1.0
20100.0 -6300.0 1.0
20100.0 -6000.0 1.0
20100.0 -5700.0 1.0
20100.0 -5400.0 1.0
20100.0 -5100.0 1.0
20100.0 -4800.0 1.0
20100.0 -4500.0 1.0
20100.0 -4200.0 1.0
20100.0 -3900.0 1.0
20100.0 -3600.0 1.0
20100.0 -3300.0 1.0
20100.0 -3000.0 1.0
20100.0 -2700.0 1.0
20100.0 -2400.0 1.0
20100.0 -2100.0 1.0
20100.0 -1800.0 1.0
20100.0 -1500.0 1.0
20100.0 -1200.0 1.0
20100.0 -900.0 1.0
20100.0 -600.0 1.0
20100.0 -300.0 1.0
20100.0 0.0 1.0
20100.0 300.0 1.0
20100.0 600.0 1.0
20100.0 900.0 1.0
20100.0 1200.0 1.0
20100.0 1500.0 1.0
20100.0 1800.0 1.0
20100.0 2100.0 1.0
20100.0 2400.0 1.0
20100.0 2700.0 1.0
20100.0 3000.0 1.0
20100.0 3300.0 1.0
20100.0 3600.0 1.0
20100.0 3900.0 1.0
20100.0 4200.0 1.0
20100.0 4500.0 1.0
20100.0 4800.0 1.0
20100.0 5100.0 1.0
20100.0 5400.0 1.0
20100.0 5700.0 1.0
20100.0 6000.0 1.0
20100.0 6300.0 1.0
20100.0 6600.0 1.0
20100.0 6900.0 1.0
20100.0 7200.0 1.0
20100.0 7500.0 1.0
20100.0 7800.0 1.0
20100.0 8100.0 1.0
20100.0 8400.0 1.0
20100.0 8700.0 1.0
20100.0 9000.0 1.0
20400.0 -9000.0 1.0
20400.0 -8700.0 1.0
20400.0 -8400.0 1.0
20400.0 -8100.0 1.0
20400.0 -7800.0 1.0
20400.0 -7500.0 1.0
20400.0 -7200.0 1.0
20400.0 -6900.0 1.0
20400.0 -6600.0 1.0
20400.0 -6300.0 1.0
20400.0 -6000.0 1.0
20400.0 -5700.0 1.0
20400.0 -5400.0 1.0
20400.0 -5100.0 1.0
20400.0 -4800.0 1.0
20400.0 -4500.0 1.0
20400.0 -4200.0 1.0
20400.0 -3900.0 1.0
20400.0 -3600.0 1.0
20400.0 -3300.0 1.0
20400.0 -3000.0 1.0
20400.0 -2700.0 1.0
20400.0 -2400.0 1.0
20400.0 -2100.0 1.0
20400.0 -1800.0 1.0
20400.0 -1500.0 1.0
20400.0 -1200.0 1.0
20400.0 -900.0 1.0
20400.0 -600.0 1.0
20400.0 -300.0 1.0
20400.0 0.0 1.0
20400.0 300.0 1.0
20400.0 600.0 1.0
20400.0 900.0 1.0
20400.0 1200.0 1.0
20400.0 1500.0 1.0
20400.0 1800.0 1.0
20400.0 2100.0 1.0
20400.0 2400.0 1.0
20400.0 2700.0 1.0
20400.0 3000.0 1.0
20400.0 3300.0 1.0
20400.0 3600.0 1.0
20400.0 3900.0 1.0
20400.0 4200.0 1.0
20400.0 4500.0 1.0
20400.0 4800.0 1.0
20400.0 5100.0 1.0
20400.0 5400.0 1.0
20400.0 5700.0 1.0
20400.0 6000.0 1.0
20400.0 6300.0 1.0
20400.0 6600.0 1.0
20400.0 6900.0 1.0
20400.0 7200.0 1.0
20400.0 7500.0 1.0
20400.0 7800.0 1.0
20400.0 8100.0 1.0
20400.0 8400.0 1.0
20400.0 8700.0 1.0
20400.0 9000.0 1.0
20700.0 -9000.0 1.0
20700.0 -8700.0 1.0
20700.0 -8400.0 1.0
20700.0 -8100.0 1.0
20700.0 -7800.0 1.0
20700.0 -7500.0 1.0
20700.0 -7200.0 1.0
20700.0 -6900.0 1.0
20700.0 -6600.0 1.0
20700.0 -6300.0 1.0
20700.0 -6000.0 1.0
20700.0 -5700.0 1.0
20700.0 -5400.0 1.0
20700.0 -5100.0 1.0
20700.0 -4800.0 1.0
20700.0 -4500.0 1.0
20700.0 -4200.0 1.0
20700.0 -3900.0 1.0
20700.0 -3600.0 1.0
20700.0 -3300.0 1.0
20700.0 -3000.0 1.0
20700.0 -2700.0 1.0
20700.0 -2400.0 1.0
20700.0 -2100.0 1.0
20700.0 -1800.0 1.0
20700.0 -1500.0 1.0
20700.0 -1200.0 1.0
20700.0 -900.0 1.0
20700.0 -600.0 1.0
20700.0 -300.0 1.0
20700.0 0.0 1.0
20700.0 300.0 1.0
20700.0 600.0 1.0
20700.0 900.0 1.0
20700.0 1200.0 1.0
20700.0 1500.0 1.0
20700.0 1800.0 1.0
20700.0 2100.0 1.0
20700.0 2400.0 1.0
20700.0 2700.0 1.0
20700.0 3000.0 1.0
20700.0 3300.0 1.0
20700.0 3600.0 1.0
20700.0 3900.0 1.0
20700.0 4200.0 1.0
20700.0 4500.0 1.0
20700.0 4800.0 1.0
20700.0 5100.0 1.0
20700.0 5400.0 1.0
20700.0 5700.0 1.0
20700.0 6000.0 1.0
20700.0 6300.0 1.0
20700.0 6600.0 1.0
20700.0 6900.0 1.0
20700.0 7200.0 1.0
20700.0 7500.0 1.0
20700.0 7800.0 1.0
20700.0 8100.0 1.0
20700.0 8400.0 1.0
20700.0 8700.0 1.0
20700.0 9000.0 1.0
-3000.0 -9000.0 1.0
-3000.0 -8700.0 1.0
-3000.0 -8400.0 1.0
-3000.0 -8100.0 1.0
-3000.0 -7800.0 1.0
-3000.0 -7500.0 1.0
-3000.0 -7200.0 1.0
-3000.0 -6900.0 1.0
-3000.0 -6600.0 1.0
-3000.0 -6300.0 1.0
-3000.0 -6000.0 1.0
-3000.0 -5700.0 1.0
-3000.0 -5400.0 1.0
-3000.0 -5100.0 1.0
-3000.0 -4800.0 1.0
-3000.0 -4500.0 1.0
-3000.0 -4200.0 1.0
-3000.0 -3900.0 1.0
-3000.0 -3600.0 1.0
-3000.0 -3300.0 1.0
-3000.0 -3000.0 1.0
-3000.0 -2700.0 1.0
-3000.0 -2400.0 1.0
-3000.0 -2100.0 1.0
-3000.0 -1800.0 1.0
-3000.0 -1500.0 1.0
-3000.0 -1200.0 1.0
-3000.0 -900.0 1.0
-3000.0 -600.0 1.0
-3000.0 -300.0 1.0
-3000.0 0.0 1.0
-3000.0 300.0 1.0
-3000.0 600.0 1.0
-3000.0 900.0 1.0
-3000.0 1200.0 1.0
-3000.0 1500.0 1.0
-3000.0 1800.0 1.0
-3000.0 2100.0 1.0
-3000.0 2400.0 1.0
-3000.0 2700.0 1.0
-3000.0 3000.0 1.0
-3000.0 3300.0 1.0
-3000.0 3600.0 1.0
-3000.0 3900.0 1.0
-3000.0 4200.0 1.0
-3000.0 4500.0 1.0
-3000.0 4800.0 1.0
-3000.0 5100.0 1.0
-3000.0 5400.0 1.0
-3000.0 5700.0 1.0
-3000.0 6000.0 1.0
-3000.0 6300.0 1.0
-3000.0 6600.0 1.0
-3000.0 6900.0 1.0
-3000.0 7200.0 1.0
-3000.0 7500.0 1.0
-3000.0 7800.0 1.0
-3000.0 8100.0 1.0
-3000.0 8400.0 1.0
-3000.0 8700.0 1.0
-3000.0 9000.0 1.0
-2700.0 -9000.0 1.0
-2700.0 -8700.0 1.0
-2700.0 -8400.0 1.0
-2700.0 -8100.0 1.0
-2700.0 -7800.0 1.0
-2700.0 -7500.0 1.0
-2700.0 -7200.0 1.0
-2700.0 -6900.0 1.0
-2700.0 -6600.0 1.0
-2700.0 -6300.0 1.0
-2700.0 -6000.0 1.0
-2700.0 -5700.0 1.0
-2700.0 -5400.0 1.0
-2700.0 -5100.0 1.0
-2700.0 -4800.0 1.0
-2700.0 -4500.0 1.0
-2700.0 -4200.0 1.0
-2700.0 -3900.0 1.0
-2700.0 -3600.0 1.0
-2700.0 -3300.0 1.0
-2700.0 -3000.0 1.0
-2700.0 -2700.0 1.0
-2700.0 -2400.0 1.0
-2700.0 -2100.0 1.0
-2700.0 -1800.0 1.0
-2700.0 -1500.0 1.0
-2700.0 -1200.0 1.0
-2700.0 -900.0 1.0
-2700.0 -600.0 1.0
-2700.0 -300.0 1.0
-2700.0 0.0 1.0
-2700.0 300.0 1.0
-2700.0 600.0 1.0
-2700.0 900.0 1.0
-2700.0 1200.0 1.0
-2700.0 1500.0 1.0
-2700.0 1800.0 1.0
-2700.0 2100.0 1.0
-2700.0 2400.0 1.0
-2700.0 2700.0 1.0
-2700.0 3000.0 1.0
-2700.0 3300.0 1.0
-2700.0 3600.0 1.0
-2700.0 3900.0 1.0
-2700.0 4200.0 1.0
-2700.0 4500.0 1.0
-2700.0 4800.0 1.0
-2700.0 5100.0 1.0
-2700.0 5400.0 1.0
-2700.0 5700.0 1.0
-2700.0 6000.0 1.0
-2700.0 6300.0 1.0
-2700.0 6600.0 1.0
-2700.0 6900.0 1.0
-2700.0 7200.0 1.0
-2700.0 7500.0 1.0
-2700.0 7800.0 1.0
-2700.0 8100.0 1.0
-2700.0 8400.0 1.0
-2700.0 8700.0 1.0
-2700.0 9000.0 1.0
-2400.0 -9000.0 1.0
-2400.0 -8700.0 1.0
-2400.0 -8400.0 1.0
-2400.0 -8100.0 1.0
-2400.0 -7800.0 1.0
-2400.0 -7500.0 1.0
-2400.0 -7200.0 1.0
-2400.0 -6900.0 1.0
-2400.0 -6600.0 1.0
-2400.0 -6300.0 1.0
-2400.0 -6000.0 1.0
-2400.0 -5700.0 1.0
-2400.0 -5400.0 1.0
-2400.0 -5100.0 1.0
-2400.0 -4800.0 1.0
-2400.0 -4500.0 1.0
-2400.0 -4200.0 1.0
-2400.0 -3900.0 1.0
-2400.0 -3600.0 1.0
-2400.0 -3300.0 1.0
-2400.0 -3000.0 1.0
-2400.0 -2700.0 1.0
-2400.0 -2400.0 1.0
-2400.0 -2100.0 1.0
-2400.0 -1800.0 1.0
-2400.0 -1500.0 1.0
-2400.0 -1200.0 1.0
-2400.0 -900.0 1.0
-2400.0 -600.0 1.0
-2400.0 -300.0 1.0
-2400.0 0.0 1.0
-2400.0 300.0 1.0
-2400.0 600.0 1.0
-2400.0 900.0 1.0
-2400.0 1200.0 1.0
-2400.0 1500.0 1.0
-2400.0 1800.0 1.0
-2400.0 2100.0 1.0
-2400.0 2400.0 1.0
-2400.0 2700.0 1.0
-2400.0 3000.0 1.0
-2400.0 3300.0 1.0
-2400.0 3600.0 1.0
-2400.0 3900.0 1.0
-2400.0 4200.0 1.0
-2400.0 4500.0 1.0
-2400.0 4800.0 1.0
-2400.0 5100.0 1.0
-2400.0 5400.0 1.0
-2400.0 5700.0 1.0
-2400.0 6000.0 1.0
-2400.0 6300.0 1.0
-2400.0 6600.0 1.0
-2400.0 6900.0 1.0
-2400.0 7200.0 1.0
-2400.0 7500.0 1.0
-2400.0 7800.0 1.0
-2400.0 8100.0 1.0
-2400.0 8400.0 1.0
-2400.0 8700.0 1.0
-2400.0 9000.0 1.0
-2100.0 -9000.0 1.0
-2100.0 -8700.0 1.0
-2100.0 -8400.0 1.0
-2100.0 -8100.0 1.0
-2100.0 -7800.0 1.0
-2100.0 -7500.0 1.0
-2100.0 -7200.0 1.0
-2100.0 -6900.0 1.0
-2100.0 -6600.0 1.0
-2100.0 -6300.0 1.0
-2100.0 -6000.0 1.0
-2100.0 -5700.0 1.0
-2100.0 -5400.0 1.0
-2100.0 -5100.0 1.0
-2100.0 -4800.0 1.0
-2100.0 -4500.0 1.0
-2100.0 -4200.0 1.0
-2100.0 -3900.0 1.0
-2100.0 -3600.0 1.0
-2100.0 -3300.0 1.0
-2100.0 -3000.0 1.0
-2100.0 -2700.0 1.0
-2100.0 -2400.0 1.0
-2100.0 -2100.0 1.0
-2100.0 -1800.0 1.0
-2100.0 -1500.0 1.0
-2100.0 -1200.0 1.0
-2100.0 -900.0 1.0
-2100.0 -600.0 1.0
-2100.0 -300.0 1.0
-2100.0 0.0 1.0
-2100.0 300.0 1.0
-2100.0 600.0 1.0
-2100.0 900.0 1.0
-2100.0 1200.0 1.0
-2100.0 1500.0 1.0
-2100.0 1800.0 1.0
-2100.0 2100.0 1.0
-2100.0 2400.0 1.0
-2100.0 2700.0 1.0
-2100.0 3000.0 1.0
-2100.0 3300.0 1.0
-2100.0 3600.0 1.0
-2100.0 3900.0 1.0
-2100.0 4200.0 1.0
-2100.0 4500.0 1.0
-2100.0 4800.0 1.0
-2100.0 5100.0 1.0
-2100.0 5400.0 1.0
-2100.0 5700.0 1.0
-2100.0 6000.0 1.0
-2100.0 6300.0 1.0
-2100.0 6600.0 1.0
-2100.0 6900.0 1.0
-2100.0 7200.0 1.0
-2100.0 7500.0 1.0
-2100.0 7800.0 1.0
-2100.0 8100.0 1.0
-2100.0 8400.0 1.0
-2100.0 8700.0 1.0
-2100.0 9000.0 1.0
-1800.0 -9000.0 1.0
-1800.0 -8700.0 1.0
-1800.0 -8400.0 1.0
-1800.0 -8100.0 1.0
-1800.0 -7800.0 1.0
-1800.0 -7500.0 1.0
-1800.0 -7200.0 1.0
-1800.0 -6900.0 1.0
-1800.0 -6600.0 1.0
-1800.0 -6300.0 1.0
-1800.0 -6000.0 1.0
-1800.0 -5700.0 1.0
-1800.0 -5400.0 1.0
-1800.0 -5100.0 1.0
-1800.0 -4800.0 1.0
-1800.0 -4500.0 1.0
-1800.0 -4200.0 1.0
-1800.0 -3900.0 1.0
-1800.0 -3600.0 1.0
-1800.0 -3300.0 1.0
-1800.0 -3000.0 1.0
-1800.0 -2700.0 1.0
-1800.0 -2400.0 1.0
-1800.0 -2100.0 1.0
-1800.0 -1800.0 1.0
-1800.0 -1500.0 1.0
-1800.0 -1200.0 1.0
-1800.0 -900.0 1.0
-1800.0 -600.0 1.0
-1800.0 -300.0 1.0
-1800.0 0.0 1.0
-1800.0 300.0 1.0
-1800.0 600.0 1.0
-1800.0 900.0 1.0
-1800.0 1200.0 1.0
-1800.0 1500.0 1.0
-1800.0 1800.0 1.0
-1800.0 2100.0 1.0
-1800.0 2400.0 1.0
-1800.0 2700.0 1.0
-1800.0 3000.0 1.0
-1800.0 3300.0 1.0
-1800.0 3600.0 1.0
-1800.0 3900.0 1.0
-1800.0 4200.0 1.0
-1800.0 4500.0 1.0
-1800.0 4800.0 1.0
-1800.0 5100.0 1.0
-1800.0 5400.0 1.0
-1800.0 5700.0 1.0
-1800.0 6000.0 1.0
-1800.0 6300.0 1.0
-1800.0 6600.0 1.0
-1800.0 6900.0 1.0
-1800.0 7200.0 1.0
-1800.0 7500.0 1.0
-1800.0 7800.0 1.0
-1800.0 8100.0 1.0
-1800.0 8400.0 1.0
-1800.0 8700.0 1.0
-1800.0 9000.0 1.0
-1500.0 -9000.0 1.0
-1500.0 -8700.0 1.0
-1500.0 -8400.0 1.0
-1500.0 -8100.0 1.0
-1500.0 -7800.0 1.0
-1500.0 -7500.0 1.0
-1500.0 -7200.0 1.0
-1500.0 -6900.0 1.0
-1500.0 -6600.0 1.0
-1500.0 -6300.0 1.0
-1500.0 -6000.0 1.0
-1500.0 -5700.0 1.0
-1500.0 -5400.0 1.0
-1500.0 -5100.0 1.0
-1500.0 -4800.0 1.0
-1500.0 -4500.0 1.0
-1500.0 -4200.0 1.0
-1500.0 -3900.0 1.0
-1500.0 -3600.0 1.0
-1500.0 -3300.0 1.0
-1500.0 -3000.0 1.0
-1500.0 -2700.0 1.0
-1500.0 -2400.0 1.0
-1500.0 -2100.0 1.0
-1500.0 -1800.0 1.0
-1500.0 -1500.0 1.0
-1500.0 -1200.0 1.0
-1500.0 -900.0 1.0
-1500.0 -600.0 1.0
-1500.0 -300.0 1.0
-1500.0 0.0 1.0
-1500.0 300.0 1.0
-1500.0 600.0 1.0
-1500.0 900.0 1.0
-1500.0 1200.0 1.0
-1500.0 1500.0 1.0
-1500.0 1800.0 1.0
-1500.0 2100.0 1.0
-1500.0 2400.0 1.0
-1500.0 2700.0 1.0
-1500.0 3000.0 1.0
-1500.0 3300.0 1.0
-1500.0 3600.0 1.0
-1500.0 3900.0 1.0
-1500.0 4200.0 1.0
-1500.0 4500.0 1.0
-1500.0 4800.0 1.0
-1500.0 5100.0 1.0
-1500.0 5400.0 1.0
-1500.0 5700.0 1.0
-1500.0 6000.0 1.0
-1500.0 6300.0 1.0
-1500.0 6600.0 1.0
-1500.0 6900.0 1.0
-1500.0 7200.0 1.0
-1500.0 7500.0 1.0
-1500.0 7800.0 1.0
-1500.0 8100.0 1.0
-1500.0 8400.0 1.0
-1500.0 8700.0 1.0
-1500.0 9000.0 1.0
-1200.0 -9000.0 1.0
-1200.0 -8700.0 1.0
-1200.0 -8400.0 1.0
-1200.0 -8100.0 1.0
-1200.0 -7800.0 1.0
-1200.0 -7500.0 1.0
-1200.0 -7200.0 1.0
-1200.0 -6900.0 1.0
-1200.0 -6600.0 1.0
-1200.0 -6300.0 1.0
-1200.0 -6000.0 1.0
-1200.0 -5700.0 1.0
-1200.0 -5400.0 1.0
-1200.0 -5100.0 1.0
-1200.0 -4800.0 1.0
-1200.0 -4500.0 1.0
-1200.0 -4200.0 1.0
-1200.0 -3900.0 1.0
-1200.0 -3600.0 1.0
-1200.0 -3300.0 1.0
-1200.0 -3000.0 1.0
-1200.0 -2700.0 1.0
-1200.0 -2400.0 1.0
-1200.0 -2100.0 1.0
-1200.0 -1800.0 1.0
-1200.0 -1500.0 1.0
-1200.0 -1200.0 1.0
-1200.0 -900.0 1.0
-1200.0 -600.0 1.0
-1200.0 -300.0 1.0
-1200.0 0.0 1.0
-1200.0 300.0 1.0
-1200.0 600.0 1.0
-1200.0 900.0 1.0
-1200.0 1200.0 1.0
-1200.0 1500.0 1.0
-1200.0 1800.0 1.0
-1200.0 2100.0 1.0
-1200.0 2400.0 1.0
-1200.0 2700.0 1.0
-1200.0 3000.0 1.0
-1200.0 3300.0 1.0
-1200.0 3600.0 1.0
-1200.0 3900.0 1.0
-1200.0 4200.0 1.0
-1200.0 4500.0 1.0
-1200.0 4800.0 1.0
-1200.0 5100.0 1.0
-1200.0 5400.0 1.0
-1200.0 5700.0 1.0
-1200.0 6000.0 1.0
-1200.0 6300.0 1.0
-1200.0 6600.0 1.0
-1200.0 6900.0 1.0
-1200.0 7200.0 1.0
-1200.0 7500.0 1.0
-1200.0 7800.0 1.0
-1200.0 8100.0 1.0
-1200.0 8400.0 1.0
-1200.0 8700.0 1.0
-1200.0 9000.0 1.0
-900.0 -9000.0 1.0
-900.0 -8700.0 1.0
-900.0 -8400.0 1.0
-900.0 -8100.0 1.0
-900.0 -7800.0 1.0
-900.0 -7500.0 1.0
-900.0 -7200.0 1.0
-900.0 -6900.0 1.0
-900.0 -6600.0 1.0
-900.0 -6300.0 1.0
-900.0 -6000.0 1.0
-900.0 -5700.0 1.0
-900.0 -5400.0 1.0
-900.0 -5100.0 1.0
-900.0 -4800.0 1.0
-900.0 -4500.0 1.0
-900.0 -4200.0 1.0
-900.0 -3900.0 1.0
-900.0 -3600.0 1.0
-900.0 -3300.0 1.0
-900.0 -3000.0 1.0
-900.0 -2700.0 1.0
-900.0 -2400.0 1.0
-900.0 -2100.0 1.0
-900.0 -1800.0 1.0
-900.0 -1500.0 1.0
-900.0 -1200.0 1.0
-900.0 -900.0 1.0
-900.0 -600.0 1.0
-900.0 -300.0 1.0
-900.0 0.0 1.0
-900.0 300.0 1.0
-900.0 600.0 1.0
-900.0 900.0 1.0
-900.0 1200.0 1.0
-900.0 1500.0 1.0
-900.0 1800.0 1.0
-900.0 2100.0 1.0
-900.0 2400.0 1.0
-900.0 2700.0 1.0
-900.0 3000.0 1.0
-900.0 3300.0 1.0
-900.0 3600.0 1.0
-900.0 3900.0 1.0
-900.0 4200.0 1.0
-900.0 4500.0 1.0
-900.0 4800.0 1.0
-900.0 5100.0 1.0
-900.0 5400.0 1.0
-900.0 5700.0 1.0
-900.0 6000.0 1.0
-900.0 6300.0 1.0
-900.0 6600.0 1.0
-900.0 6900.0 1.0
-900.0 7200.0 1.0
-900.0 7500.0 1.0
-900.0 7800.0 1.0
-900.0 8100.0 1.0
-900.0 8400.0 1.0
-900.0 8700.0 1.0
-900.0 9000.0 1.0
-600.0 -9000.0 1.0
-600.0 -8700.0 1.0
-600.0 -8400.0 1.0
-600.0 -8100.0 1.0
-600.0 -7800.0 1.0
-600.0 -7500.0 1.0
-600.0 -7200.0 1.0
-600.0 -6900.0 1.0
-600.0 -6600.0 1.0
-600.0 -6300.0 1.0
-600.0 -6000.0 1.0
-600.0 -5700.0 1.0
-600.0 -5400.0 1.0
-600.0 -5100.0 1.0
-600.0 -4800.0 1.0
-600.0 -4500.0 1.0
-600.0 -4200.0 1.0
-600.0 -3900.0 1.0
-600.0 -3600.0 1.0
-600.0 -3300.0 1.0
-600.0 -3000.0 1.0
-600.0 -2700.0 1.0
-600.0 -2400.0 1.0
-600.0 -2100.0 1.0
-600.0 -1800.0 1.0
-600.0 -1500.0 1.0
-600.0 -1200.0 1.0
-600.0 -900.0 1.0
-600.0 -600.0 1.0
-600.0 -300.0 1.0
-600.0 0.0 1.0
-600.0 300.0 1.0
-600.0 600.0 1.0
-600.0 900.0 1.0
-600.0 1200.0 1.0
-600.0 1500.0 1.0
-600.0 1800.0 1.0
-600.0 2100.0 1.0
-600.0 2400.0 1.0
-600.0 2700.0 1.0
-600.0 3000.0 1.0
-600.0 3300.0 1.0
-600.0 3600.0 1.0
-600.0 3900.0 1.0
-600.0 4200.0 1.0
-600.0 4500.0 1.0
-600.0 4800.0 1.0
-600.0 5100.0 1.0
-600.0 5400.0 1.0
-600.0 5700.0 1.0
-600.0 6000.0 1.0
-600.0 6300.0 1.0
-600.0 6600.0 1.0
-600.0 6900.0 1.0
-600.0 7200.0 1.0
-600.0 7500.0 1.0
-600.0 7800.0 1.0
-600.0 8100.0 1.0
-600.0 8400.0 1.0
-600.0 8700.0 1.0
-600.0 9000.0 1.0
-300.0 -9000.0 1.0
-300.0 -8700.0 1.0
-300.0 -8400.0 1.0
-300.0 -8100.0 1.0
-300.0 -7800.0 1.0
-300.0 -7500.0 1.0
-300.0 -7200.0 1.0
-300.0 -6900.0 1.0
-300.0 -6600.0 1.0
-300.0 -6300.0 1.0
-300.0 -6000.0 1.0
-300.0 -5700.0 1.0
-300.0 -5400.0 1.0
-300.0 -5100.0 1.0
-300.0 -4800.0 1.0
-300.0 -4500.0 1.0
-300.0 -4200.0 1.0
-300.0 -3900.0 1.0
-300.0 -3600.0 1.0
-300.0 -3300.0 1.0
-300.0 -3000.0 1.0
-300.0 -2700.0 1.0
-300.0 -2400.0 1.0
-300.0 -2100.0 1.0
-300.0 -1800.0 1.0
-300.0 -1500.0 1.0
-300.0 -1200.0 1.0
-300.0 -900.0 1.0
-300.0 -600.0 1.0
-300.0 -300.0 1.0
-300.0 0.0 1.0
-300.0 300.0 1.0
-300.0 600.0 1.0
-300.0 900.0 1.0
-300.0 1200.0 1.0
-300.0 1500.0 1.0
-300.0 1800.0 1.0
-300.0 2100.0 1.0
-300.0 2400.0 1.0
-300.0 2700.0 1.0
-300.0 3000.0 1.0
-300.0 3300.0 1.0
-300.0 3600.0 1.0
-300.0 3900.0 1.0
-300.0 4200.0 1.0
-300.0 4500.0 1.0
-300.0 4800.0 1.0
-300.0 5100.0 1.0
-300.0 5400.0 1.0
-300.0 5700.0 1.0
-300.0 6000.0 1.0
-300.0 6300.0 1.0
-300.0 6600.0 1.0
-300.0 6900.0 1.0
-300.0 7200.0 1.0
-300.0 7500.0 1.0
-300.0 7800.0 1.0
-300.0 8100.0 1.0
-300.0 8400.0 1.0
-300.0 8700.0 1.0
-300.0 9000.0 1.0
0.0 -9000.0 1.0
0.0 -8700.0 1.0
0.0 -8400.0 1.0
0.0 -8100.0 1.0
0.0 -7800.0 1.0
0.0 -7500.0 1.0
0.0 -7200.0 1.0
0.0 -6900.0 1.0
0.0 -6600.0 1.0
0.0 -6300.0 1.0
0.0 -6000.0 1.0
0.0 -5700.0 1.0
0.0 -5400.0 1.0
0.0 -5100.0 1.0
0.0 -4800.0 1.0
0.0 -4500.0 1.0
0.0 -4200.0 1.0
0.0 -3900.0 1.0
0.0 -3600.0 1.0
0.0 -3300.0 1.0
0.0 -3000.0 1.0
0.0 -2700.0 1.0
0.0 -2400.0 1.0
0.0 -2100.0 1.0
0.0 -1800.0 1.0
0.0 -1500.0 1.0
0.0 -1200.0 1.0
0.0 -900.0 1.0
0.0 -600.0 1.0
0.0 -300.0 1.0
0.0 0.0 1.0
0.0 300.0 1.0
0.0 600.0 1.0
0.0 900.0 1.0
0.0 1200.0 1.0
0.0 1500.0 1.0
0.0 1800.0 1.0
0.0 2100.0 1.0
0.0 2400.0 1.0
0.0 2700.0 1.0
0.0 3000.0 1.0
0.0 3300.0 1.0
0.0 3600.0 1.0
0.0 3900.0 1.0
0.0 4200.0 1.0
0.0 4500.0 1.0
0.0 4800.0 1.0
0.0 5100.0 1.0
0.0 5400.0 1.0
0.0 5700.0 1.0
0.0 6000.0 1.0
0.0 6300.0 1.0
0.0 6600.0 1.0
0.0 6900.0 1.0
0.0 7200.0 1.0
0.0 7500.0 1.0
0.0 7800.0 1.0
0.0 8100.0 1.0
0.0 8400.0 1.0
0.0 8700.0 1.0
0.0 9000.0 1.0
