0 10.345736331007556 40.7454850322874
1000 10.345736331007556 40.7454850322874
2000 10.345736331007556 40.7454850322874
3000 10.345736331007556 40.7454850322874
4000 10.345736331007556 40.7454850322874
5000 10.345736331007556 40.7454850322874
6000 10.345736331007556 40.7454850322874
7000 10.345736331007556 40.7454850322874
8000 10.345736331007556 40.7454850322874
9000 10.345736331007556 40.7454850322874
10000 10.345736331007556 40.7454850322874
11000 10.345736331007556 40.7454850322874
12000 10.345736331007556 40.7454850322874
13000 10.345736331007556 40.7454850322874
14000 10.345736331007556 40.7454850322874
15000 10.345736331007556 40.7454850322874
16000 10.345736331007556 40.7454850322874
17000 10.345736331007556 40.7454850322874
18000 10.345736331007556 40.7454850322874
19000 10.345736331007556 40.7454850322874
20000 10.345736331007556 40.7454850322874
21000 10.345736331007556 40.7454850322874
22000 10.345736331007556 40.7454850322874
23000 10.345736331007556 40.7454850322874
24000 10.345736331007556 40.7454850322874
25000 10.345736331007556 40.7454850322874
26000 10.345736331007556 40.7454850322874
27000 10.345736331007556 40.7454850322874
28000 10.345736331007556 40.7454850322874
