#EAST NORTH ELEV Kg/m^2 [-5->-4) [-4->-3) [-3->-2) [-2->-1) [-1->0) [0->1) [1->2) [2->3) [3->4) (percent)
1499 1506 1 99.4655 34.9843 33.9475 21.7016 7.91351 1.41506 0.0379529 1.77758e-05 1.78704e-11 6.98013e-25 
1957 1997 1 91.3092 26.9949 32.0543 26.2774 12.033 2.55938 0.0810098 4.28568e-05 4.61561e-11 1.93494e-24 
1787 2173 1 116.149 28.0495 31.8533 25.706 11.791 2.51979 0.0804294 4.27077e-05 4.60919e-11 1.94981e-24 
-770 3082 1 141.325 26.4525 29.9568 26.3667 13.8042 3.30193 0.117803 6.77852e-05 7.65554e-11 3.40788e-24 
-1673 3152 1 54.7371 18.4532 26.8736 30.0912 19.1139 5.25702 0.210963 0.000133752 1.59571e-10 7.29854e-24 
-637 4876 1 154.874 22.2296 24.7245 22.7913 20.0255 9.5504 0.677908 0.000655503 9.92796e-10 5.77859e-23 
-1268 5048 1 89.3053 18.0385 22.377 23.0674 22.8934 12.6004 1.02216 0.00109989 1.76963e-09 1.07036e-22 
-2101 5517 1 34.2672 11.8337 17.3226 21.7496 26.1427 20.5581 2.38996 0.00342096 6.4676e-09 4.37165e-22 
-2250 5771 1 28.1465 10.8353 16.1287 21.1156 25.6016 23.1422 3.1715 0.00516636 1.05083e-08 7.50249e-22 
-2272 5925 1 27.2058 10.7332 15.869 20.9318 24.8773 23.9879 3.59459 0.00627978 1.32881e-08 9.78637e-22 
32 6398 1 205.922 23.7563 24.8564 21.8674 15.3298 12.2629 1.9237 0.00344674 7.39832e-09 5.75937e-22 
-337 6683 1 165.116 22.2809 23.9971 22.1237 15.6353 13.4446 2.5131 0.00518591 1.20568e-08 9.94879e-22 
2519 6318 1 176.629 22.7434 24.2454 22.1032 15.225 13.0642 2.61301 0.00569533 1.36571e-08 1.15595e-21 
-1439 6652 1 67.192 16.4648 20.1503 22.053 18.8446 18.7339 3.74515 0.00817766 1.96296e-08 1.63033e-21 
5823 3944 1 1.82581 1.81144 4.42047 11.4971 27.5374 44.6786 10.0304 0.024552 6.28656e-08 5.02172e-21 
4688 5396 1 18.1378 9.2814 13.6836 19.6195 22.125 28.2778 6.9944 0.0181973 4.8229e-08 4.20347e-21 
918 7180 1 255.019 25.1014 25.5643 21.7833 13.8566 10.8426 2.84408 0.0077688 2.11652e-08 1.99041e-21 
4337 6035 1 34.5983 13.0404 16.9799 20.9537 19.601 22.6382 6.76619 0.020502 5.92277e-08 5.59801e-21 
2019 7255 1 234.072 24.5568 25.2765 21.7441 14.2884 10.7381 3.38532 0.0108382 3.23005e-08 3.24693e-21 
-586 7588 1 129.084 21.0003 23.0338 21.9345 16.0038 13.5052 4.50749 0.015085 4.60978e-08 4.67019e-21 
-387 7656 1 147.007 21.7972 23.5532 21.8837 15.6916 12.6813 4.3779 0.0151133 4.70022e-08 4.83735e-21 
-555 7666 1 131.055 21.1195 23.0965 21.8839 16.0209 13.2299 4.63321 0.0161785 5.06408e-08 5.22594e-21 
3512 6869 1 96.4798 19.3097 21.8213 21.8188 16.8611 14.853 5.31715 0.0188692 5.96051e-08 6.15736e-21 
3226 7110 1 125.597 20.9136 22.925 21.8012 16.2496 13.1229 4.96909 0.0185959 6.05327e-08 6.42875e-21 
1154 7735 1 256.5 25.0545 25.583 21.5512 14.368 9.7534 3.67605 0.0138626 4.53212e-08 4.89304e-21 
2037 7565 1 235.817 24.573 25.2944 21.5994 14.6093 10.0736 3.83573 0.0145802 4.78817e-08 5.17903e-21 
3352 7167 1 115.714 20.4773 22.5894 21.7193 16.5763 13.2482 5.36818 0.0213401 7.18788e-08 7.82003e-21 
3066 7419 1 146.526 21.8715 23.5301 21.6573 16.1121 11.725 5.08222 0.0216195 7.56633e-08 8.50872e-21 
2287 7844 1 221.866 24.1905 25.0529 21.4924 15.2297 9.55371 4.46014 0.0206629 7.58901e-08 8.91355e-21 
1907 8096 1 246.449 24.7273 25.3992 21.4072 15.155 8.82547 4.4632 0.0226047 8.73143e-08 1.06658e-20 
225 8480 1 192.601 23.4037 24.5102 21.4379 16.0082 9.36503 5.24553 0.0294239 1.20412e-07 1.52828e-20 
2424 8963 1 225.29 24.0644 24.9887 21.4297 16.1127 7.51608 5.83325 0.0552502 3.04086e-07 4.80473e-20 
2665 9054 1 209.668 23.7187 24.7318 21.4434 16.2869 7.58542 6.16882 0.0649167 3.79222e-07 6.24779e-20 
2979 9056 1 184.853 23.1531 24.2797 21.4241 16.5876 7.85516 6.62585 0.0745152 4.51963e-07 7.63425e-20 
3133 9522 1 179.503 23.0317 24.1901 21.4398 16.3408 7.90352 6.98241 0.111709 8.27207e-07 1.6113e-19 
5500 8723 1 23.0063 14.2762 15.6617 18.2793 19.9255 13.6427 17.8605 0.3543 2.96233e-06 6.06719e-19 
4617 10199 1 77.5963 20.1178 21.0732 20.3813 16.8527 11.3683 9.81627 0.390454 4.84637e-06 1.34069e-18 
5132 11365 1 64.9517 20.1071 20.6483 19.8556 16.8044 13.7603 7.88914 0.935008 2.1725e-05 9.25836e-18 
