#EAST NORTH ELEV Kg/m^2 [-5->-4) [-4->-3) [-3->-2) [-2->-1) [-1->0) [0->1) [1->2) [2->3) [3->4) (percent)
1506 1499 2500 853.265 20.3071 23.347 22.7096 18.1135 11.0904 3.91929 0.497919 0.0152086 1.81756e-05 
1997 1957 2500 711.175 19.7736 22.4834 21.5593 17.8734 12.201 5.23173 0.846946 0.0306007 4.07225e-05 
2173 1787 2500 612.24 19.8271 22.34 21.44 17.8744 12.2934 5.32296 0.870345 0.0316184 4.21629e-05 
3082 -770 2500 18.3214 18.1656 16.8306 18.1343 18.9254 16.5523 9.37248 1.93955 0.0796866 0.000111969 
3152 -1673 2500 2.9104 18.8752 13.7135 15.03 17.7892 18.1954 12.8673 3.3697 0.159452 0.00024211 
4876 -637 2500 3.55748 28.9159 18.1487 12.478 12.683 12.2869 9.98105 5.07795 0.427554 0.000939023 
5048 -1268 2500 1.06559 32.9866 17.5053 10.0299 10.6598 11.38 10.3601 6.44482 0.632141 0.0015158 
5517 -2101 2500 0.163442 41.517 18.7636 6.49614 6.53412 8.2273 8.89673 8.34493 1.2165 0.00370763 
5771 -2250 2500 0.102521 43.7574 20.147 5.85379 5.35735 7.03048 7.93107 8.45142 1.46649 0.00498981 
5925 -2272 2500 0.0875662 44.4331 21.0751 5.71533 4.89585 6.50245 7.4416 8.34332 1.58755 0.00573522 
6398 32 2500 2.20903 31.8305 26.1013 11.6826 8.80065 8.54731 6.82291 5.23825 0.972781 0.00364188 
6683 -337 2500 1.01809 33.8551 27.3871 10.6006 7.32972 7.51458 6.50529 5.56237 1.24009 0.00522866 
6318 2519 2500 33.9164 19.6665 28.9784 18.9713 12.8145 9.7266 5.90314 3.24141 0.694976 0.00312252 
6652 -1439 2500 0.198464 40.2491 26.2249 7.65615 5.09196 6.07554 6.31337 6.72037 1.66132 0.00730434 
3944 5823 2500 475.428 9.72154 24.1568 25.2141 19.087 12.4832 6.19589 2.58233 0.556389 0.00281436 
5396 4688 2500 218.25 11.8486 26.946 24.2735 16.8405 11.2203 5.76338 2.51551 0.589151 0.0031172 
7180 918 2500 3.17911 25.8694 31.6177 14.8882 8.63028 7.64798 5.88643 4.22258 1.23081 0.00664629 
6035 4337 2500 127.5 11.9205 28.1698 24.2977 15.8832 10.7391 5.72073 2.56937 0.695409 0.00418067 
7255 2019 2500 9.41955 19.5897 32.3902 18.8643 10.5299 8.33521 5.71921 3.45315 1.11143 0.00691539 
7588 -586 2500 0.309358 32.9566 33.2322 11.1138 5.028 5.27199 5.29991 5.0995 1.98535 0.0126478 
7656 -387 2500 0.383539 31.5247 33.7669 11.8436 5.29522 5.39802 5.29781 4.90877 1.95226 0.012786 
7666 -555 2500 0.300521 32.4232 33.7638 11.3989 4.96902 5.16882 5.22281 5.00633 2.03369 0.0134376 
6869 3512 2500 43.4215 13.3671 30.4703 23.3707 13.7402 9.68938 5.67142 2.78828 0.896488 0.00613773 
7110 3226 2500 29.2073 13.9519 31.2812 22.9896 12.9644 9.29182 5.6494 2.88136 0.983299 0.00703283 
7735 1154 2500 2.449 22.4114 34.5394 17.0988 8.14756 6.92853 5.50251 3.84582 1.51529 0.0107922 
7565 2037 2500 7.18648 18.3113 33.5438 19.8432 10.1252 7.93163 5.59035 3.38085 1.26452 0.00910931 
7167 3352 2500 30.4288 13.1612 31.2273 23.6581 13.1529 9.3255 5.63406 2.83055 1.0028 0.00755517 
7419 3066 2500 19.8726 13.6481 32.1099 23.3909 12.3409 8.8773 5.59302 2.9214 1.10967 0.00884327 
7844 2287 2500 7.01311 15.8393 34.1459 21.8816 10.2977 7.77604 5.47183 3.20266 1.37315 0.0117218 
8096 1907 2500 3.8465 16.6552 35.3093 21.4379 9.23339 7.11028 5.34269 3.32784 1.569 0.0144222 
8480 225 2500 0.392518 23.4864 38.2928 16.9079 5.44898 4.80336 4.73677 3.96611 2.33443 0.0232193 
8963 2424 2500 2.80158 10.2234 34.709 28.6323 9.91886 6.57249 4.98719 3.02883 1.89814 0.0297169 
9054 2665 2500 3.21863 8.91419 33.6527 30.3016 10.5368 6.73011 4.98863 2.96805 1.87592 0.0321166 
9056 2979 2500 4.25121 7.78504 32.3192 31.6733 11.3788 7.0672 5.04438 2.8998 1.79955 0.0326051 
9522 3133 2500 3.1642 5.7364 30.148 35.5402 12.079 6.76131 4.86746 2.90074 1.92022 0.0467274 
8723 5500 2500 32.0285 2.30986 20.1616 38.6054 19.1338 10.2442 5.60542 2.59997 1.30197 0.0378248 
10199 4617 2500 5.60302 1.62148 18.5061 43.6594 18.7957 7.94768 4.9345 2.82261 1.62946 0.0830978 
11365 5132 2500 2.97326 0.445113 10.1706 45.8647 26.5621 7.79085 4.6013 2.90034 1.49127 0.173761 
