#EAST NORTH ELEV Kg/m^2 [-5->-4) [-4->-3) [-3->-2) [-2->-1) [-1->0) [0->1) [1->2) [2->3) [3->4) (percent)
3133 9522 0 142.232 1.17594 10.0542 26.5519 25.593 18.6459 11.0659 5.05119 1.59826 0.263713 
1907 8096 0 157.554 4.00363 15.7071 24.2644 21.7129 17.336 10.5371 4.81339 1.42742 0.19798 
5500 8723 0 251.45 0.87859 9.47289 29.6517 28.9013 18.029 8.85244 3.22578 0.858093 0.130125 
2665 9054 0 144.832 1.89487 12.1987 26.0694 23.9412 18.145 10.9085 5.02488 1.57164 0.245779 
1154 7735 0 132.99 5.10608 15.9876 22.0898 20.6436 17.5577 11.338 5.43939 1.62185 0.215986 
-555 7666 0 53.6731 4.64955 12.2047 16.3287 18.1397 19.1452 15.9151 9.79684 3.3557 0.464425 
32 6398 0 129.831 8.20869 15.9738 19.1243 19.7761 17.8612 11.9425 5.4792 1.46749 0.166676 
918 7180 0 148.602 6.60608 16.9007 21.3702 20.263 17.24 10.972 5.05082 1.42114 0.176046 
2424 8963 0 138.072 2.12557 12.6375 25.5597 23.3926 18.1091 11.0819 5.20032 1.63925 0.254039 
4617 10199 0 162.685 0.373338 5.97274 26.2205 30.5281 19.8254 10.8877 4.56935 1.38218 0.240712 
5132 11365 0 128.315 0.0862248 2.67924 21.1604 34.5439 21.889 12.2638 5.35854 1.69449 0.324408 
2519 6318 0 338.78 8.71126 20.9625 24.5701 20.3482 14.5478 7.44992 2.69734 0.641216 0.0716852 
2019 7255 0 221.323 6.14344 18.3301 24.1934 21.0572 16.1789 9.16817 3.78956 1.01327 0.125931 
225 8480 0 61.0641 3.36135 12.3498 18.9307 19.2199 18.8146 14.734 8.91139 3.19264 0.48553 
-387 7656 0 59.9222 4.80103 12.711 16.9772 18.4901 19.0258 15.3415 9.15443 3.07671 0.422256 
2979 9056 0 159.234 1.75703 12.0051 26.7254 24.5147 18.0751 10.5538 4.7038 1.44048 0.224614 
1499 1506 0 732.73 23.1529 25.4668 22.2407 15.7304 8.99492 3.44384 0.823464 0.136596 0.0103587 
1787 2173 0 709.841 21.2137 24.71 22.4801 16.6062 9.88889 3.93999 0.980849 0.16722 0.013114 
1957 1997 0 691.154 21.3541 24.7682 22.4602 16.5434 9.82586 3.90198 0.968656 0.164832 0.0128943 
2037 7565 0 199.713 5.26618 17.4649 24.3999 21.3622 16.5725 9.57609 4.08213 1.12996 0.146073 
5823 3944 0 273.082 8.79989 22.4617 26.1816 20.2239 13.4559 6.28507 2.07457 0.466663 0.0508397 
4688 5396 0 408.667 8.03568 22.2656 27.021 20.6503 13.418 6.12986 1.98572 0.444545 0.049254 
4337 6035 0 400.115 6.91442 21.2751 27.4199 21.2292 13.9442 6.4958 2.16456 0.499453 0.0574065 
3226 7110 0 306.093 5.51426 19.0702 26.6979 21.8274 15.3243 7.82657 2.91265 0.735773 0.0910303 
3512 6869 0 337.264 5.83712 19.675 27.0107 21.7278 14.9348 7.41239 2.66677 0.655838 0.0795303 
3066 7419 0 273.104 4.85854 18.1305 26.6391 22.1276 15.8056 8.29742 3.19915 0.835341 0.106774 
3352 7167 0 306.961 5.21713 18.8348 27.003 22.033 15.3739 7.814 2.8989 0.73377 0.0915803 
2287 7844 0 196.168 4.4031 16.7162 25.1456 21.889 16.7674 9.63759 4.12316 1.16235 0.155708 
-337 6683 0 92.9692 7.06826 14.4076 17.782 19.3339 18.6889 13.6104 6.89089 1.98187 0.236227 
-586 7588 0 54.3743 4.78599 12.2463 16.2562 18.1516 19.1709 15.9092 9.72672 3.30098 0.452108 
-1439 6652 0 44.9337 5.46747 10.5557 13.7161 17.5091 20.1269 17.8565 10.8649 3.47145 0.431923 
-1673 3152 0 149.68 9.51561 14.8613 20.3208 22.2637 18.4942 10.3172 3.45994 0.706562 0.0606982 
-2272 5925 0 31.8492 4.76387 7.95743 11.1857 16.6159 21.3059 20.687 12.9403 4.0625 0.481321 
-2250 5771 0 34.4224 4.95653 8.14079 11.5387 17.0611 21.5151 20.3416 12.267 3.745 0.434265 
-2101 5517 0 42.8911 5.54162 8.91386 12.658 18.1142 21.6818 19.1048 10.5971 3.04951 0.3392 
-1268 5048 0 98.7502 8.30022 12.8925 16.9271 20.3591 19.9542 13.8936 6.04129 1.48271 0.149311 
-637 4876 0 162.965 10.3467 15.6825 19.1115 20.5414 17.9664 11.0348 4.25454 0.968608 0.0935221 
-770 3082 0 301.066 13.8022 19.2173 22.1297 20.4626 14.7247 7.12663 2.10569 0.398324 0.0329064 
