#EAST NORTH ELEV Kg/m^2 [-5->-4) [-4->-3) [-3->-2) [-2->-1) [-1->0) [0->1) [1->2) [2->3) [3->4) (percent)
1506 1499 2500 1416.91 17.5725 24.4648 24.7598 18.7327 10.6321 3.42694 0.399511 0.0116916 1.53273e-05 
1997 1957 2500 1245.84 14.383 22.6606 24.8417 20.0745 12.5369 4.78246 0.696751 0.0239191 3.46862e-05 
2173 1787 2500 1198.47 14.3752 22.6544 24.8302 20.0618 12.5447 4.80486 0.704529 0.024301 3.53491e-05 
3082 -770 2500 167.17 17.2399 24.1222 23.9115 18.0488 11.2134 4.64531 0.788514 0.0303023 4.77963e-05 
3152 -1673 2500 50.9093 18.8287 25.116 23.5727 16.839 10.2133 4.49586 0.895195 0.0390967 6.84625e-05 
4876 -637 2500 70.1913 10.5896 20.9697 26.2214 21.3991 12.9636 5.88487 1.83728 0.134125 0.000324793 
5048 -1268 2500 32.7702 10.9396 21.5167 26.5387 21.1062 12.3814 5.50588 1.8571 0.153886 0.000409649 
5517 -2101 2500 9.46038 10.1495 21.3769 27.4888 21.7109 12.0504 5.06927 1.9335 0.219948 0.000752114 
5771 -2250 2500 6.86347 9.28136 20.7176 27.8707 22.4644 12.334 5.08456 1.98827 0.258112 0.000985075 
5925 -2272 2500 6.15077 8.70001 20.1879 28.0308 22.9981 12.6145 5.15489 2.03056 0.282122 0.00114083 
6398 32 2500 50.5785 4.82536 14.7967 26.4206 26.6623 16.8541 7.28235 2.77158 0.385378 0.00155988 
6683 -337 2500 31.0374 4.47815 14.3441 26.5252 27.197 17.0071 7.22671 2.77998 0.439751 0.00200311 
6318 2519 2500 218.533 2.36557 9.97636 23.5708 29.4487 21.0524 9.4753 3.53695 0.571178 0.00272097 
6652 -1439 2500 10.7314 5.52611 16.1892 27.5506 26.1973 15.3548 6.3033 2.46291 0.4138 0.00198536 
3944 5823 2500 461.756 1.56735 7.8537 21.6036 30.3367 23.2416 10.7416 3.95964 0.692182 0.00363728 
5396 4688 2500 436.267 1.44303 7.4898 21.2571 30.5266 23.6029 10.9207 4.02168 0.734102 0.0040533 
7180 918 2500 59.7276 2.42087 10.2438 24.2129 29.8077 20.4436 8.87233 3.34521 0.649858 0.00372902 
6035 4337 2500 352.577 1.19521 6.71806 20.4732 30.937 24.3936 11.2942 4.14515 0.838385 0.00524531 
7255 2019 2500 106.477 1.57909 7.98973 22.1542 30.8646 22.7395 10.1151 3.75255 0.799943 0.00523021 
7588 -586 2500 14.1349 2.71493 11.113 25.3877 29.9218 19.2446 7.93187 3.00161 0.679832 0.00461716 
7656 -387 2500 16.2046 2.48476 10.5624 24.9656 30.229 19.7632 8.19186 3.0877 0.71049 0.00494724 
7666 -555 2500 13.8495 2.55941 10.7596 25.1675 30.1763 19.5413 8.04921 3.03647 0.705262 0.00495887 
6869 3512 2500 220.282 1.06401 6.29471 20.0857 31.2963 24.7831 11.3751 4.16479 0.929746 0.00661572 
7110 3226 2500 182.01 1.03455 6.20054 20.0172 31.416 24.8556 11.357 4.15494 0.957021 0.00710991 
7735 1154 2500 49.6013 1.53564 7.92593 22.3429 31.2657 22.608 9.81907 3.63558 0.860763 0.00643293 
7565 2037 2500 89.9474 1.25888 7.01208 21.1842 31.4205 23.75 10.5654 3.88786 0.914289 0.00687717 
7167 3352 2500 183.315 0.933531 5.83037 19.5335 31.5359 25.3142 11.6063 4.23352 1.00478 0.00784034 
7419 3066 2500 148.122 0.89266 5.68628 19.392 31.6801 25.4553 11.614 4.23058 1.04061 0.00857727 
7844 2287 2500 86.4027 0.92119 5.82471 19.7245 31.9046 25.1684 11.2781 4.10903 1.0601 0.00936048 
8096 1907 2500 61.8885 0.885387 5.70646 19.6542 32.1158 25.2539 11.2028 4.07439 1.09668 0.0104043 
8480 225 2500 16.118 1.15635 6.79699 21.4863 32.4393 23.589 9.87992 3.60505 1.03645 0.0106843 
8963 2424 2500 48.7959 0.334996 3.13392 15.1558 32.3167 29.3438 13.3742 4.79095 1.52593 0.0237279 
9054 2665 2500 52.0095 0.273703 2.75458 14.2461 32.0783 30.1435 13.8967 4.97439 1.60573 0.0270743 
9056 2979 2500 59.7597 0.23266 2.47937 13.5166 31.7893 30.7717 14.37 5.14315 1.66765 0.0295758 
9522 3133 2500 49.4315 0.13489 1.74571 11.3822 30.946 32.7064 15.5925 5.58192 1.86728 0.0431572 
8723 5500 2500 140.704 0.0633579 1.05099 8.62683 28.5057 34.9419 18.1004 6.51978 2.13365 0.0574766 
10199 4617 2500 59.659 0.0249083 0.566087 6.22284 26.159 37.4107 19.9536 7.19394 2.36582 0.103116 
11365 5132 2500 39.688 0.00385434 0.157735 2.99933 20.0602 40.4853 24.4863 8.84051 2.73875 0.228069 
