0 9.11180550467144 41.853178177033556
1000 9.11180550467144 41.853178177033556
2000 9.11180550467144 41.853178177033556
3000 9.11180550467144 41.853178177033556
4000 9.11180550467144 41.853178177033556
5000 9.11180550467144 41.853178177033556
6000 9.11180550467144 41.853178177033556
7000 9.11180550467144 41.853178177033556
8000 9.11180550467144 41.853178177033556
9000 9.11180550467144 41.853178177033556
10000 9.11180550467144 41.853178177033556
11000 9.11180550467144 41.853178177033556
12000 9.11180550467144 41.853178177033556
13000 9.11180550467144 41.853178177033556
14000 9.11180550467144 41.853178177033556
15000 9.11180550467144 41.853178177033556
16000 9.11180550467144 41.853178177033556
17000 9.11180550467144 41.853178177033556
18000 9.11180550467144 41.853178177033556
19000 9.11180550467144 41.853178177033556
20000 9.11180550467144 41.853178177033556
21000 9.11180550467144 41.853178177033556
22000 9.11180550467144 41.853178177033556
23000 9.11180550467144 41.853178177033556
24000 9.11180550467144 41.853178177033556
25000 9.11180550467144 41.853178177033556
26000 9.11180550467144 41.853178177033556
27000 9.11180550467144 41.853178177033556
28000 9.11180550467144 41.853178177033556
