#EAST NORTH ELEV Kg/m^2 [-3->-2) (percent)
3133 9522 2500 35.223 100 
1907 8096 2500 32.5047 100 
5500 8723 2500 80.5973 100 
2665 9054 2500 34.0886 100 
1154 7735 2500 22.5268 100 
-555 7666 2500 4.58924 100 
32 6398 2500 16.1129 100 
918 7180 2500 23.9856 100 
2424 8963 2500 31.0871 100 
4617 10199 2500 43.2409 100 
5132 11365 2500 26.8065 100 
2519 6318 2500 82.737 100 
2019 7255 2500 48.0353 100 
225 8480 2500 7.19124 100 
-387 7656 2500 5.57183 100 
2979 9056 2500 39.6998 100 
1499 1506 2500 204.271 100 
1787 2173 2500 188.867 100 
1957 1997 2500 177.82 100 
2037 7565 2500 43.1574 100 
5823 3944 2500 62.0671 100 
4688 5396 2500 115.551 100 
4337 6035 2500 116.966 100 
3226 7110 2500 82.84 100 
3512 6869 2500 94.5245 100 
3066 7419 2500 72.1544 100 
3352 7167 2500 84.5588 100 
2287 7844 2500 44.5262 100 
-337 6683 2500 9.51832 100 
-586 7588 2500 4.59592 100 
-1439 6652 2500 2.47894 100 
-1673 3152 2500 12.337 100 
-2272 5925 2500 1.01119 100 
-2250 5771 2500 1.13283 100 
-2101 5517 2500 1.65113 100 
-1268 5048 2500 7.55083 100 
-637 4876 2500 18.4648 100 
-770 3082 2500 46.9336 100 
