#EAST NORTH ELEV Kg/m^2 [-1->0) (percent)
3133 9522 2500 24.9719 100 
1907 8096 2500 24.5352 100 
5500 8723 2500 50.7771 100 
2665 9054 2500 24.2343 100 
1154 7735 2500 18.867 100 
-555 7666 2500 5.08707 100 
32 6398 2500 16.4566 100 
918 7180 2500 20.91 100 
2424 8963 2500 22.4608 100 
4617 10199 2500 33.1557 100 
5132 11365 2500 27.8971 100 
2519 6318 2500 55.4949 100 
2019 7255 2500 35.4436 100 
225 8480 2500 6.71253 100 
-387 7656 2500 6.00473 100 
2979 9056 2500 27.6165 100 
1499 1506 2500 91.7962 100 
1787 2173 2500 96.6559 100 
1957 1997 2500 88.0924 100 
2037 7565 2500 31.914 100 
5823 3944 2500 29.5104 100 
4688 5396 2500 60.4718 100 
4337 6035 2500 64.3368 100 
3226 7110 2500 52.5925 100 
3512 6869 2500 57.7944 100 
3066 7419 2500 47.0477 100 
3352 7167 2500 53.093 100 
2287 7844 2500 32.0208 100 
-337 6683 2500 10.4992 100 
-586 7588 2500 5.14767 100 
-1439 6652 2500 3.46179 100 
-1673 3152 2500 17.865 100 
-2272 5925 2500 1.77903 100 
-2250 5771 2500 1.99617 100 
-2101 5517 2500 2.81941 100 
-1268 5048 2500 10.2111 100 
-637 4876 2500 20.8654 100 
-770 3082 2500 47.9819 100 
