#EAST NORTH ELEV Kg/m^2 [-2->-1) (percent)
3133 9522 2500 32.0597 100 
1907 8096 2500 28.508 100 
5500 8723 2500 76.5454 100 
2665 9054 2500 29.779 100 
1154 7735 2500 20.6415 100 
-555 7666 2500 4.61612 100 
32 6398 2500 16.7834 100 
918 7180 2500 22.7765 100 
2424 8963 2500 27.0361 100 
4617 10199 2500 48.5011 100 
5132 11365 2500 43.4848 100 
2519 6318 2500 71.8988 100 
2019 7255 2500 42.5995 100 
225 8480 2500 6.5572 100 
-387 7656 2500 5.56354 100 
2979 9056 2500 34.8264 100 
1499 1506 2500 155.513 100 
1787 2173 2500 150.452 100 
1957 1997 2500 139.503 100 
2037 7565 2500 38.025 100 
5823 3944 2500 45.8872 100 
4688 5396 2500 89.995 100 
4337 6035 2500 92.9607 100 
3226 7110 2500 69.414 100 
3512 6869 2500 78.1996 100 
3066 7419 2500 60.9048 100 
3352 7167 2500 70.5324 100 
2287 7844 2500 38.6512 100 
-337 6683 2500 10.1134 100 
-586 7588 2500 4.66296 100 
-1439 6652 2500 2.87382 100 
-1673 3152 2500 15.9177 100 
-2272 5925 2500 1.32311 100 
-2250 5771 2500 1.49529 100 
-2101 5517 2500 2.17854 100 
-1268 5048 2500 9.16889 100 
-637 4876 2500 20.7835 100 
-770 3082 2500 52.0139 100 
