#EAST NORTH ELEV Kg/m^2 [1->2) (percent)
3133 9522 2500 9.30971 100 
1907 8096 2500 10.0845 100 
5500 8723 2500 10.2196 100 
2665 9054 2500 9.40032 100 
1154 7735 2500 9.60588 100 
-555 7666 2500 5.42471 100 
32 6398 2500 10.6321 100 
918 7180 2500 10.7371 100 
2424 8963 2500 9.17681 100 
4617 10199 2500 9.754 100 
5132 11365 2500 8.72287 100 
2519 6318 2500 14.0208 100 
2019 7255 2500 12.2362 100 
225 8480 2500 5.57881 100 
-387 7656 2500 5.89816 100 
2979 9056 2500 9.84116 100 
1499 1506 2500 4.55389 100 
1787 2173 2500 6.89685 100 
1957 1997 2500 6.03849 100 
2037 7565 2500 11.5111 100 
5823 3944 2500 3.17707 100 
4688 5396 2500 8.30919 100 
4337 6035 2500 10.1899 100 
3226 7110 2500 12.4469 100 
3512 6869 2500 12.2757 100 
3066 7419 2500 12.2144 100 
3352 7167 2500 12.2992 100 
2287 7844 2500 11.1612 100 
-337 6683 2500 8.56399 100 
-586 7588 2500 5.51455 100 
-1439 6652 2500 4.90226 100 
-1673 3152 2500 4.50078 100 
-2272 5925 2500 3.34448 100 
-2250 5771 2500 3.52098 100 
-2101 5517 2500 4.13935 100 
-1268 5048 2500 7.56932 100 
-637 4876 2500 10.4283 100 
-770 3082 2500 7.19755 100 
