#EAST NORTH ELEV Kg/m^2 [-1->0) (percent)
3133 9522 2500 34.1093 100 
1907 8096 2500 61.0958 100 
5500 8723 2500 4.96716 100 
2665 9054 2500 43.5519 100 
1154 7735 2500 77.9756 100 
-555 7666 2500 85.5648 100 
32 6398 2500 94.1754 100 
918 7180 2500 83.5312 100 
2424 8963 2500 48.8702 100 
4617 10199 2500 12.8527 100 
5132 11365 2500 9.15014 100 
2519 6318 2500 44.0984 100 
2019 7255 2500 58.4589 100 
225 8480 2500 85.8908 100 
-387 7656 2500 87.3043 100 
2979 9056 2500 36.8966 100 
1499 1506 2500 44.7993 100 
1787 2173 2500 44.922 100 
1957 1997 2500 36.7613 100 
2037 7565 2500 58.0412 100 
5823 3944 2500 0.729941 100 
4688 5396 2500 5.7754 100 
4337 6035 2500 9.76136 100 
3226 7110 2500 29.0226 100 
3512 6869 2500 23.0012 100 
3066 7419 2500 32.9924 100 
3352 7167 2500 26.6316 100 
2287 7844 2500 51.8714 100 
-337 6683 2500 91.3394 100 
-586 7588 2500 85.4585 100 
-1439 6652 2500 71.0489 100 
-1673 3152 2500 57.4754 100 
-2272 5925 2500 47.5382 100 
-2250 5771 2500 47.9128 100 
-2101 5517 2500 51.8786 100 
-1268 5048 2500 77.2938 100 
-637 4876 2500 93.4312 100 
-770 3082 2500 89.3092 100 
