#EAST NORTH ELEV Kg/m^2 [1->2) (percent)
3133 9522 2500 4.01598 100 
1907 8096 2500 5.74415 100 
5500 8723 2500 0.943374 100 
2665 9054 2500 4.69985 100 
1154 7735 2500 6.73328 100 
-555 7666 2500 7.18304 100 
32 6398 2500 7.078 100 
918 7180 2500 6.84958 100 
2424 8963 2500 5.09191 100 
4617 10199 2500 2.02611 100 
5132 11365 2500 1.67099 100 
2519 6318 2500 4.05774 100 
2019 7255 2500 5.30425 100 
225 8480 2500 7.52184 100 
-387 7656 2500 7.28444 100 
2979 9056 2500 4.16247 100 
1499 1506 2500 1.92082 100 
1787 2173 2500 2.34573 100 
1957 1997 2500 1.97689 100 
2037 7565 2500 5.37415 100 
5823 3944 2500 0.172652 100 
4688 5396 2500 0.867937 100 
4337 6035 2500 1.3316 100 
3226 7110 2500 3.15566 100 
3512 6869 2500 2.62475 100 
3066 7419 2500 3.52849 100 
3352 7167 2500 2.97412 100 
2287 7844 2500 5.02804 100 
-337 6683 2500 7.071 100 
-586 7588 2500 7.14414 100 
-1439 6652 2500 5.88038 100 
-1673 3152 2500 3.3879 100 
-2272 5925 2500 4.15613 100 
-2250 5771 2500 4.12571 100 
-2101 5517 2500 4.27166 100 
-1268 5048 2500 5.4312 100 
-637 4876 2500 6.10428 100 
-770 3082 2500 4.48959 100 
