#EAST NORTH ELEV Kg/m^2 [-3->-2) (percent)
3133 9522 2500 26.6694 100 
1907 8096 2500 63.4324 100 
5500 8723 2500 3.44823 100 
2665 9054 2500 37.7146 100 
1154 7735 2500 88.405 100 
-555 7666 2500 99.482 100 
32 6398 2500 130.494 100 
918 7180 2500 102.917 100 
2424 8963 2500 43.5777 100 
4617 10199 2500 7.99513 100 
5132 11365 2500 4.27497 100 
2519 6318 2500 53.2639 100 
2019 7255 2500 66.9414 100 
225 8480 2500 89.3774 100 
-387 7656 2500 102.001 100 
2979 9056 2500 31.2194 100 
1499 1506 2500 130.53 100 
1787 2173 2500 100.576 100 
1957 1997 2500 80.774 100 
2037 7565 2500 63.9302 100 
5823 3944 2500 0.510879 100 
4688 5396 2500 5.28373 100 
4337 6035 2500 9.3164 100 
3226 7110 2500 30.0097 100 
3512 6869 2500 23.4681 100 
3066 7419 2500 33.6829 100 
3352 7167 2500 26.996 100 
2287 7844 2500 54.1712 100 
-337 6683 2500 121.63 100 
-586 7588 2500 100.358 100 
-1439 6652 2500 90.4808 100 
-1673 3152 2500 109.04 100 
-2272 5925 2500 60.6077 100 
-2250 5771 2500 62.1368 100 
-2101 5517 2500 70.1361 100 
-1268 5048 2500 119.57 100 
-637 4876 2500 153.932 100 
-770 3082 2500 197.101 100 
