#EAST NORTH ELEV Kg/m^2 [3->4) (percent)
3133 9522 2500 0.195127 100 
1907 8096 2500 0.0850523 100 
5500 8723 2500 0.122567 100 
2665 9054 2500 0.151706 100 
1154 7735 2500 0.061822 100 
-555 7666 2500 0.039873 100 
32 6398 2500 0.0211483 100 
918 7180 2500 0.0424921 100 
2424 8963 2500 0.142089 100 
4617 10199 2500 0.261473 100 
5132 11365 2500 0.392073 100 
2519 6318 2500 0.0304954 100 
2019 7255 2500 0.0528267 100 
225 8480 2500 0.0770491 100 
-387 7656 2500 0.0415784 100 
2979 9056 2500 0.155066 100 
1499 1506 2500 0.000494176 100 
1787 2173 2500 0.000982576 100 
1957 1997 2500 0.000849492 100 
2037 7565 2500 0.063767 100 
5823 3944 2500 0.00476446 100 
4688 5396 2500 0.0164805 100 
4337 6035 2500 0.0263911 100 
3226 7110 2500 0.0532026 100 
3512 6869 2500 0.0461308 100 
3066 7419 2500 0.0637722 100 
3352 7167 2500 0.0553598 100 
2287 7844 2500 0.0770787 100 
-337 6683 2500 0.0231488 100 
-586 7588 2500 0.0377502 100 
-1439 6652 2500 0.0160945 100 
-1673 3152 2500 0.00101495 100 
-2272 5925 2500 0.00721044 100 
-2250 5771 2500 0.00652774 100 
-2101 5517 2500 0.00577232 100 
-1268 5048 2500 0.00552354 100 
-637 4876 2500 0.00591362 100 
-770 3082 2500 0.00128944 100 
