#EAST NORTH ELEV Kg/m^2 [-2->-1) (percent)
3133 9522 2500 39.405 100 
1907 8096 2500 54.1278 100 
5500 8723 2500 54.7727 100 
2665 9054 2500 44.411 100 
1154 7735 2500 47.2945 100 
-555 7666 2500 18.5036 100 
32 6398 2500 43.0245 100 
918 7180 2500 52.5345 100 
2424 8963 2500 43.665 100 
4617 10199 2500 32.2237 100 
5132 11365 2500 17.4634 100 
2519 6318 2500 114.798 100 
2019 7255 2500 76.5128 100 
225 8480 2500 21.9274 100 
-387 7656 2500 20.859 100 
2979 9056 2500 47.212 100 
1499 1506 2500 244.45 100 
1787 2173 2500 235.95 100 
1957 1997 2500 228.605 100 
2037 7565 2500 68.836 100 
5823 3944 2500 81.1998 100 
4688 5396 2500 125.794 100 
4337 6035 2500 123.969 100 
3226 7110 2500 99.2587 100 
3512 6869 2500 107.971 100 
3066 7419 2500 88.7293 100 
3352 7167 2500 98.4932 100 
2287 7844 2500 66.3275 100 
-337 6683 2500 30.6587 100 
-586 7588 2500 18.6399 100 
-1439 6652 2500 13.0486 100 
-1673 3152 2500 23.4223 100 
-2272 5925 2500 7.09753 100 
-2250 5771 2500 7.51958 100 
-2101 5517 2500 9.3102 100 
-1268 5048 2500 23.9389 100 
-637 4876 2500 43.4691 100 
-770 3082 2500 64.7957 100 
