#EAST NORTH ELEV Kg/m^2 [-5->-4) (percent)
3133 9522 2500 0.492021 100 
1907 8096 2500 4.3786 100 
5500 8723 2500 0.0751228 100 
2665 9054 2500 1.1318 100 
1154 7735 2500 8.24043 100 
-555 7666 2500 9.95071 100 
32 6398 2500 26.535 100 
918 7180 2500 13.6145 100 
2424 8963 2500 1.45865 100 
4617 10199 2500 0.0555665 100 
5132 11365 2500 0.00737464 100 
2519 6318 2500 9.79598 100 
2019 7255 2500 7.87131 100 
225 8480 2500 5.11656 100 
-387 7656 2500 10.3045 100 
2979 9056 2500 0.891979 100 
1499 1506 2500 93.8375 100 
1787 2173 2500 62.7687 100 
1957 1997 2500 49.7456 100 
2037 7565 2500 6.21269 100 
5823 3944 2500 0.156418 100 
4688 5396 2500 1.10671 100 
4337 6035 2500 1.55452 100 
3226 7110 2500 3.34425 100 
3512 6869 2500 2.88302 100 
3066 7419 2500 3.18338 100 
3352 7167 2500 2.85832 100 
2287 7844 2500 4.27882 100 
-337 6683 2500 21.426 100 
-586 7588 2500 10.5355 100 
-1439 6652 2500 15.5043 100 
-1673 3152 2500 59.4241 100 
-2272 5925 2500 13.6412 100 
-2250 5771 2500 14.9411 100 
-2101 5517 2500 18.8994 100 
-1268 5048 2500 40.7936 100 
-637 4876 2500 57.5448 100 
-770 3082 2500 119.517 100 
