#EAST NORTH ELEV Kg/m^2 [-4->-3) (percent)
3133 9522 2500 12.793 100 
1907 8096 2500 22.0644 100 
5500 8723 2500 23.1944 100 
2665 9054 2500 15.8734 100 
1154 7735 2500 17.74 100 
-555 7666 2500 4.23061 100 
32 6398 2500 15.0508 100 
918 7180 2500 20.7011 100 
2424 8963 2500 15.5069 100 
4617 10199 2500 8.6085 100 
5132 11365 2500 2.74975 100 
2519 6318 2500 71.541 100 
2019 7255 2500 37.8987 100 
225 8480 2500 5.42528 100 
-387 7656 2500 5.06366 100 
2979 9056 2500 17.4967 100 
1499 1506 2500 216.119 100 
1787 2173 2500 195.45 100 
1957 1997 2500 186.415 100 
2037 7565 2500 32.2254 100 
5823 3944 2500 56.7901 100 
4688 5396 2500 96.1496 100 
4337 6035 2500 90.8325 100 
3226 7110 2500 59.5647 100 
3512 6869 2500 69.0034 100 
3066 7419 2500 49.5489 100 
3352 7167 2500 59.189 100 
2287 7844 2500 30.579 100 
-337 6683 2500 9.01871 100 
-586 7588 2500 4.27772 100 
-1439 6652 2500 2.52512 100 
-1673 3152 2500 9.17813 100 
-2272 5925 2500 1.04944 100 
-2250 5771 2500 1.14839 100 
-2101 5517 2500 1.59107 100 
-1268 5048 2500 6.64599 100 
-637 4876 2500 16.2033 100 
-770 3082 2500 38.0909 100 
