#EAST NORTH ELEV Kg/m^2 [0->1) (percent)
3133 9522 2500 25.512 100 
1907 8096 2500 22.8373 100 
5500 8723 2500 41.1851 100 
2665 9054 2500 24.2656 100 
1154 7735 2500 17.8391 100 
-555 7666 2500 6.15126 100 
32 6398 2500 13.3661 100 
918 7180 2500 18.2754 100 
2424 8963 2500 22.7741 100 
4617 10199 2500 31.9267 100 
5132 11365 2500 29.2979 100 
2519 6318 2500 40.5675 100 
2019 7255 2500 28.9257 100 
225 8480 2500 8.58796 100 
-387 7656 2500 7.00564 100 
2979 9056 2500 26.7637 100 
1499 1506 2500 46.3013 100 
1787 2173 2500 57.7844 100 
1957 1997 2500 55.6625 100 
2037 7565 2500 27.1297 100 
5823 3944 2500 28.6515 100 
4688 5396 2500 47.055 100 
4337 6035 2500 48.4447 100 
3226 7110 2500 40.5115 100 
3512 6869 2500 43.7081 100 
3066 7419 2500 37.3288 100 
3352 7167 2500 40.9753 100 
2287 7844 2500 27.7901 100 
-337 6683 2500 9.49257 100 
-586 7588 2500 6.13244 100 
-1439 6652 2500 3.76762 100 
-1673 3152 2500 6.43141 100 
-2272 5925 2500 1.87927 100 
-2250 5771 2500 1.98919 100 
-2101 5517 2500 2.48671 100 
-1268 5048 2500 6.78376 100 
-637 4876 2500 12.7251 100 
-770 3082 2500 17.1038 100 
