#EAST NORTH ELEV Kg/m^2 [2->3) (percent)
3133 9522 2500 4.02621 100 
1907 8096 2500 4.27796 100 
5500 8723 2500 2.49102 100 
2665 9054 2500 4.26571 100 
1154 7735 2500 3.95256 100 
-555 7666 2500 2.69641 100 
32 6398 2500 2.5433 100 
918 7180 2500 3.56852 100 
2424 8963 2500 4.31855 100 
4617 10199 2500 3.165 100 
5132 11365 2500 2.82871 100 
2519 6318 2500 3.14041 100 
2019 7255 2500 3.90961 100 
225 8480 2500 3.49368 100 
-387 7656 2500 2.84099 100 
2979 9056 2500 4.1767 100 
1499 1506 2500 0.192514 100 
1787 2173 2500 0.34246 100 
1957 1997 2500 0.297332 100 
2037 7565 2500 4.08472 100 
5823 3944 2500 0.468672 100 
4688 5396 2500 1.50612 100 
4337 6035 2500 2.1129 100 
3226 7110 2500 3.50909 100 
3512 6869 2500 3.19445 100 
3066 7419 2500 3.77299 100 
3352 7167 2500 3.4807 100 
2287 7844 2500 4.19777 100 
-337 6683 2500 2.46266 100 
-586 7588 2500 2.64734 100 
-1439 6652 2500 1.62938 100 
-1673 3152 2500 0.302614 100 
-2272 5925 2500 0.886872 100 
-2250 5771 2500 0.853242 100 
-2101 5517 2500 0.844138 100 
-1268 5048 2500 1.03411 100 
-637 4876 2500 1.2144 100 
-770 3082 2500 0.417644 100 
