#EAST NORTH ELEV Kg/m^2 [0->1) (percent)
3133 9522 2500 16.5534 100 
1907 8096 2500 17.0226 100 
5500 8723 2500 26.4867 100 
2665 9054 2500 16.3747 100 
1154 7735 2500 14.1772 100 
-555 7666 2500 5.07846 100 
32 6398 2500 13.5853 100 
918 7180 2500 15.672 100 
2424 8963 2500 15.507 100 
4617 10199 2500 20.0026 100 
5132 11365 2500 17.2472 100 
2519 6318 2500 31.675 100 
2019 7255 2500 22.8982 100 
225 8480 2500 6.13643 100 
-387 7656 2500 5.80487 100 
2979 9056 2500 18.0321 100 
1499 1506 2500 32.161 100 
1787 2173 2500 39.435 100 
1957 1997 2500 35.1724 100 
2037 7565 2500 21.0115 100 
5823 3944 2500 12.5211 100 
4688 5396 2500 27.7305 100 
4337 6035 2500 31.048 100 
3226 7110 2500 29.4826 100 
3512 6869 2500 31.0986 100 
3066 7419 2500 27.325 100 
3352 7167 2500 29.5245 100 
2287 7844 2500 20.8337 100 
-337 6683 2500 9.45483 100 
-586 7588 2500 5.14441 100 
-1439 6652 2500 3.90613 100 
-1673 3152 2500 14.3071 100 
-2272 5925 2500 2.38003 100 
-2250 5771 2500 2.6509 100 
-2101 5517 2500 3.59938 100 
-1268 5048 2500 10.4933 100 
-637 4876 2500 18.3096 100 
-770 3082 2500 29.5329 100 
