#EAST NORTH ELEV Kg/m^2 [2->3) (percent)
3133 9522 2500 2.97072 100 
1907 8096 2500 2.25258 100 
5500 8723 2500 4.77833 100 
2665 9054 2500 2.74986 100 
1154 7735 2500 1.59463 100 
-555 7666 2500 0.545943 100 
32 6398 2500 0.758501 100 
918 7180 2500 1.39343 100 
2424 8963 2500 2.55347 100 
4617 10199 2500 3.6781 100 
5132 11365 2500 3.22947 100 
2519 6318 2500 2.62191 100 
2019 7255 2500 2.37336 100 
225 8480 2500 0.891913 100 
-387 7656 2500 0.616616 100 
2979 9056 2500 3.04643 100 
1499 1506 2500 0.198079 100 
1787 2173 2500 0.362992 100 
1957 1997 2500 0.346058 100 
2037 7565 2500 2.40852 100 
5823 3944 2500 2.02337 100 
4688 5396 2500 3.40816 100 
4337 6035 2500 3.81871 100 
3226 7110 2500 3.5391 100 
3512 6869 2500 3.72541 100 
3066 7419 2500 3.43525 100 
3352 7167 2500 3.6673 100 
2287 7844 2500 2.65296 100 
-337 6683 2500 0.610117 100 
-586 7588 2500 0.533841 100 
-1439 6652 2500 0.25833 100 
-1673 3152 2500 0.0678033 100 
-2272 5925 2500 0.10926 100 
-2250 5771 2500 0.10807 100 
-2101 5517 2500 0.11722 100 
-1268 5048 2500 0.214116 100 
-637 4876 2500 0.332949 100 
-770 3082 2500 0.136876 100 
