#EAST NORTH ELEV Kg/m^2 [3->4) (percent)
3133 9522 2500 0.813934 100 
1907 8096 2500 0.932235 100 
5500 8723 2500 0.450719 100 
2665 9054 2500 0.867981 100 
1154 7735 2500 0.942121 100 
-555 7666 2500 0.77612 100 
32 6398 2500 0.823389 100 
918 7180 2500 0.927324 100 
2424 8963 2500 0.889411 100 
4617 10199 2500 0.61806 100 
5132 11365 2500 0.561845 100 
2519 6318 2500 0.814938 100 
2019 7255 2500 0.914613 100 
225 8480 2500 0.867047 100 
-387 7656 2500 0.802048 100 
2979 9056 2500 0.836503 100 
1499 1506 2500 0.195107 100 
1787 2173 2500 0.273972 100 
1957 1997 2500 0.246366 100 
2037 7565 2500 0.921397 100 
5823 3944 2500 0.162278 100 
4688 5396 2500 0.404174 100 
4337 6035 2500 0.513233 100 
3226 7110 2500 0.771382 100 
3512 6869 2500 0.712884 100 
3066 7419 2500 0.808222 100 
3352 7167 2500 0.754668 100 
2287 7844 2500 0.907104 100 
-337 6683 2500 0.790867 100 
-586 7588 2500 0.7713 100 
-1439 6652 2500 0.605091 100 
-1673 3152 2500 0.270377 100 
-2272 5925 2500 0.424118 100 
-2250 5771 2500 0.419888 100 
-2101 5517 2500 0.429715 100 
-1268 5048 2500 0.525625 100 
-637 4876 2500 0.595557 100 
-770 3082 2500 0.340749 100 
