#EAST NORTH ELEV Kg/m^2 [-5->-4) (percent)
3133 9522 2500 1.26506 100 
1907 8096 2500 5.24392 100 
5500 8723 2500 1.72515 100 
2665 9054 2500 2.15555 100 
1154 7735 2500 5.54154 100 
-555 7666 2500 1.74063 100 
32 6398 2500 8.37172 100 
918 7180 2500 8.1497 100 
2424 8963 2500 2.30965 100 
4617 10199 2500 0.423645 100 
5132 11365 2500 0.0664816 100 
2519 6318 2500 28.4503 100 
2019 7255 2500 12.1006 100 
225 8480 2500 1.47451 100 
-387 7656 2500 2.04531 100 
2979 9056 2500 2.21091 100 
1499 1506 2500 185.486 100 
1787 2173 2500 161.785 100 
1957 1997 2500 156.113 100 
2037 7565 2500 9.16337 100 
5823 3944 2500 21.5538 100 
4688 5396 2500 32.183 100 
4337 6035 2500 26.9671 100 
3226 7110 2500 15.7096 100 
3512 6869 2500 18.6326 100 
3066 7419 2500 12.0613 100 
3352 7167 2500 14.8592 100 
2287 7844 2500 7.44712 100 
-337 6683 2500 4.88405 100 
-586 7588 2500 1.81519 100 
-1439 6652 2500 1.57546 100 
-1673 3152 2500 7.13283 100 
-2272 5925 2500 0.851595 100 
-2250 5771 2500 0.954663 100 
-2101 5517 2500 1.34485 100 
-1268 5048 2500 5.26614 100 
-637 4876 2500 12.2032 100 
-770 3082 2500 28.6636 100 
