#EAST NORTH ELEV Kg/m^2 [-4->-3) (percent)
3133 9522 2500 5.02421 100 
1907 8096 2500 10.6981 100 
5500 8723 2500 8.85619 100 
2665 9054 2500 6.65018 100 
1154 7735 2500 9.30249 100 
-555 7666 2500 2.25745 100 
32 6398 2500 10.4712 100 
918 7180 2500 12.0225 100 
2424 8963 2500 6.61005 100 
4617 10199 2500 3.02946 100 
5132 11365 2500 0.863512 100 
2519 6318 2500 43.2863 100 
2019 7255 2500 20.6683 100 
225 8480 2500 2.53028 100 
-387 7656 2500 2.71821 100 
2979 9056 2500 7.2599 100 
1499 1506 2500 265.741 100 
1787 2173 2500 219.466 100 
1957 1997 2500 207.984 100 
2037 7565 2500 16.7722 100 
5823 3944 2500 30.4332 100 
4688 5396 2500 52.3918 100 
4337 6035 2500 48.0994 100 
3226 7110 2500 30.6665 100 
3512 6869 2500 35.8027 100 
3066 7419 2500 24.8189 100 
3352 7167 2500 29.9922 100 
2287 7844 2500 15.1233 100 
-337 6683 2500 5.94052 100 
-586 7588 2500 2.3172 100 
-1439 6652 2500 1.63508 100 
-1673 3152 2500 13.1433 100 
-2272 5925 2500 0.772609 100 
-2250 5771 2500 0.884379 100 
-2101 5517 2500 1.33094 100 
-1268 5048 2500 6.42465 100 
-637 4876 2500 15.9796 100 
-770 3082 2500 51.8089 100 
