4130.75 5.386339363408477 103.82042821368802
6277.28947368421 7.270445052546117 85.53374717304258
8423.82894736842 9.356750341862151 83.32037235089766
10570.368421052632 3.806624708970038 79.216743355638
12716.907894736842 9.715440081684429 95.36111120848744
14863.447368421052 7.981017468134871 77.5551611687622
17009.986842105263 4.5584561405203825 90.96998721441457
19156.526315789473 4.868600213400008 87.96274069001922
21303.065789473683 3.7553796066055583 117.53098128703336
23449.605263157893 4.496105652181255 99.11053576979432
25596.144736842103 6.220777155746362 88.46116964689944
27742.684210526313 6.274972040357694 71.91061352696528
29889.223684210527 6.3076917210004 84.67850380400422
32035.763157894737 6.559489210666284 96.84073412011679
34182.30263157895 7.292139557599796 96.2591753217226
36328.84210526316 7.701958259564528 77.26757449052026
38475.38157894737 9.18260213013031 81.19833083772203
40621.92105263158 6.044400901975592 103.47262252953522
42768.46052631579 8.399745490650325 102.26746347804102
44915.0 8.207423994824003 77.51739039563954
