#EAST NORTH ELEV Kg/m^2 [-4.5->-4) [-4->-3.5) [-3.5->-3) [-3->-2.5) [-2.5->-2) [-2->-1.5) [-1.5->-1) [-1->-0.5) [-0.5->0) [0->0.5) [0.5->1) [1->1.5) [1.5->2) [2->2.5) [2.5->3) [3->3.5) (percent)
-858 -718 0 547.063 0.237409 0.11917 0.0201129 0.314792 0.991225 1.4583 2.274 3.94506 5.64052 12.8999 19.0572 21.1514 17.1275 9.55553 3.90647 1.30143 
-616 -1395 0 4605.09 0.576047 1.95302 4.01176 5.22536 5.54204 5.66649 8.19748 13.3937 16.115 15.4334 10.9768 6.80821 3.63786 1.64989 0.618436 0.194556 
933 -1225 0 160.011 0.00959043 0.00589604 0.00109669 0.719755 2.14124 2.83924 3.2986 3.6286 3.92143 4.8922 8.58212 15.5065 21.2947 18.7456 10.3654 4.04799 
-1634 -1538 0 236.353 0.000180163 0.000811853 0.00161422 1.27122 4.6871 7.41314 8.73137 8.74265 8.55476 7.6799 8.82423 11.1034 12.5366 10.8567 6.69312 2.90317 
-870 -2078 0 3749.26 0.00367941 0.0559412 0.517355 1.88354 4.73874 9.36633 14.0787 16.2847 16.6982 13.6071 9.95461 6.44123 3.62806 1.76122 0.7294 0.251167 
-1130 -1999 0 2022.98 0.00139615 0.018576 0.141993 1.17584 4.90331 9.54087 13.4901 15.1116 15.402 12.9075 10.3773 7.65912 4.93989 2.6862 1.20689 0.437409 
-1130 -1999 0 2022.98 0.00139615 0.018576 0.141993 1.17584 4.90331 9.54087 13.4901 15.1116 15.402 12.9075 10.3773 7.65912 4.93989 2.6862 1.20689 0.437409 
-328 -2303 0 5775.58 0.0025392 0.0544152 0.759953 3.07716 5.04197 9.23996 14.2116 16.703 17.218 13.8078 9.45785 5.5861 2.86894 1.29122 0.508696 0.170797 
1240 -2178 0 119.397 3.15913e-06 1.92279e-05 5.35879e-05 1.01032 3.69737 6.08617 7.33064 7.41283 7.13254 6.20176 7.29042 10.2436 13.7578 14.3356 10.4012 5.09966 
910 -2364 0 399.64 1.59711e-05 0.000193099 0.00123928 1.10237 4.60764 8.28572 10.7107 11.4405 11.3827 9.86518 9.74988 10.0726 9.49887 7.25062 4.21523 1.81642 
462 -2785 0 1440.19 1.70872e-06 7.78704e-05 0.00243312 0.747754 3.82712 8.37605 12.664 15.1108 15.7132 13.5061 10.9486 8.26153 5.55176 3.18023 1.5184 0.591974 
-690 -3145 0 3466.69 8.98667e-09 1.77289e-06 0.000312908 0.350298 2.29365 6.58258 12.2814 16.8477 18.5707 16.5596 12.0658 7.49114 4.02098 1.88261 0.774531 0.278654 
1383 -2930 0 110.63 3.61953e-11 1.44744e-09 3.73245e-08 0.280628 1.55803 4.24993 7.52807 9.68252 10.0872 8.86148 8.86075 10.2772 12.1404 12.2083 9.24682 5.01867 
-2432 -2167 0 68.0533 9.11375e-12 2.84492e-10 5.44953e-09 0.228303 1.25916 3.47978 6.2271 8.04222 8.34948 7.30565 7.57778 9.63452 12.9688 14.9204 12.622 7.3849 
318 -3418 0 1462.91 5.73335e-11 1.41061e-08 3.18828e-06 0.215552 1.57078 5.23523 10.8164 15.6575 17.551 16.1448 12.7745 9.08841 5.7454 3.14764 1.47126 0.581402 
-1445 -3457 0 1521.42 8.09488e-14 4.94207e-11 3.26312e-08 0.0817438 0.806145 3.62207 9.26264 15.3405 18.2703 17.7798 14.0477 9.72235 5.92671 3.14211 1.43528 0.562611 
1313 -3621 0 155.736 1.44242e-16 3.65799e-14 8.4168e-12 0.0410242 0.439331 2.22303 6.20951 10.8067 12.9797 12.7695 11.8055 11.5034 11.2207 9.70484 6.72713 3.56959 
878 -3921 0 416.988 1.47777e-17 1.02038e-14 7.72478e-12 0.0254848 0.342665 2.08002 6.62017 12.5849 15.8777 16.3317 14.169 11.6896 9.03715 6.14748 3.48582 1.6083 
-988 -3974 0 2029.35 2.88607e-17 5.53322e-14 1.41458e-10 0.0221146 0.334848 2.20044 7.3999 14.6527 19.0389 20.1008 15.7625 10.2846 5.76091 2.80267 1.19305 0.446615 
-205 -4454 0 1446.5 7.76525e-22 3.64404e-18 2.68106e-14 0.00404093 0.104173 1.07816 5.06452 12.5193 18.1461 21.2768 17.4641 11.8294 6.89417 3.48885 1.53784 0.592618 
2568 -3833 0 9.61679 1.58018e-29 3.8304e-27 8.26849e-25 0.00015608 0.00552101 0.0822203 0.550885 1.85416 3.18748 4.64536 5.19271 6.67653 10.8335 18.3931 25.1691 23.4093 
-1671 -4437 0 1004.57 7.10815e-26 6.29814e-22 9.82144e-18 0.000848649 0.0351261 0.540023 3.42134 10.3935 16.7534 21.7813 18.7059 13.2034 8.07845 4.3036 1.98765 0.79543 
-2624 -4022 0 234.879 5.01637e-28 2.299e-24 1.63428e-20 0.000410867 0.0192353 0.334912 2.37238 7.87672 13.2906 18.1415 16.9223 14.2403 11.3322 8.1177 4.91894 2.43278 
265 -4800 0 783.751 5.19542e-27 4.86996e-23 8.11154e-19 0.000552086 0.0257419 0.438028 3.00438 9.65893 16.0376 21.4737 18.8124 13.675 8.71495 4.85603 2.3368 0.965897 
-917 -5072 0 1219.14 8.57924e-32 2.87874e-27 2.17578e-22 7.27625e-05 0.0064612 0.185109 1.87953 7.94061 15.2987 23.763 21.2123 14.5909 8.42217 4.18902 1.81786 0.694339 
1500 -5060 0 105.483 3.27323e-36 3.42818e-32 6.48118e-28 1.33539e-05 0.00158219 0.060193 0.793023 4.17307 9.13831 16.5459 17.1365 15.4792 13.6071 11.0873 7.69198 4.28576 
-2654 -4669 0 278.169 1.06745e-36 2.77169e-32 1.54082e-27 1.05339e-05 0.00148139 0.0636043 0.903883 4.94976 11.0468 20.1739 20.0945 16.3008 11.9933 7.89416 4.46544 2.11232 
-56 -5575 0 713.679 3.05102e-39 2.60881e-34 5.9702e-29 3.32424e-06 0.00070715 0.0419098 0.752901 4.8247 11.7412 23.3058 22.8834 16.7888 10.4083 5.58991 2.60636 1.05603 
-1695 -5459 0 763.827 1.13715e-41 1.54244e-36 6.10176e-31 1.16801e-06 0.000337438 0.0257043 0.561097 4.14119 10.9224 23.6101 23.7341 17.3416 10.5686 5.55156 2.53387 1.0095 
-261 -5773 0 735.406 7.53073e-43 1.20284e-37 5.77581e-32 7.05309e-07 0.000234563 0.0200853 0.480857 3.79985 10.4248 23.5202 23.9988 17.6349 10.7885 5.68697 2.60423 1.04053 
-775 -5822 0 847.496 1.89019e-44 4.38147e-39 3.2731e-33 3.49929e-07 0.000143667 0.014598 0.398588 3.46128 10.0206 23.9226 24.7153 17.9517 10.6975 5.45628 2.41963 0.94176 
-153 -6072 0 601.637 1.19262e-48 4.03096e-43 4.70825e-37 5.76071e-08 3.80315e-05 0.00577064 0.217635 2.41478 8.07785 22.7115 25.0738 19.0024 11.8857 6.40146 2.99205 1.21703 
1032 -6180 0 183.614 6.90547e-54 1.79637e-48 1.53609e-42 5.85411e-09 6.34218e-06 0.00149623 0.0824171 1.24609 5.05464 18.1554 22.8214 19.5997 14.6638 9.83448 5.72938 2.81119 
-2739 -5697 0 286.912 1.71875e-54 7.2552e-49 1.10233e-42 4.48902e-09 5.51237e-06 0.00142715 0.083695 1.31277 5.42075 19.6476 24.3313 20.0585 13.9721 8.55784 4.54893 2.06522 
-2090 -5979 0 513.428 4.58551e-54 3.01923e-48 7.77832e-42 5.3703e-09 6.69619e-06 0.00173046 0.099893 1.52828 6.18669 21.624 25.8503 20.152 12.8271 7.02151 3.33345 1.37493 
-1319 -6487 0 628.743 6.33852e-60 1.13021e-53 9.49836e-47 3.97896e-10 1.02315e-06 0.000481167 0.0445275 0.967459 4.81983 21.2762 27.3944 21.3302 13.0937 6.80413 3.06194 1.20723 
-890 -6568 0 619.543 4.00607e-60 7.24753e-54 6.1966e-47 3.64218e-10 9.57465e-07 0.000458835 0.0431201 0.948179 4.75851 21.1923 27.3885 21.3685 13.1448 6.84698 3.08849 1.22015 
-3242 -5932 0 166.224 9.62887e-65 9.74322e-59 4.17653e-52 4.49957e-11 1.7473e-07 0.000120342 0.015678 0.457062 2.75966 15.9196 23.8873 21.347 15.9304 10.5704 6.11432 2.9985 
458 -6836 0 281.638 3.94224e-66 7.79835e-60 7.40959e-53 2.45721e-11 1.2001e-07 9.86845e-05 0.0146005 0.462331 2.91669 17.4093 25.8631 22.1345 15.251 9.11242 4.72703 2.10895 
-2118 -6613 0 444.49 1.08945e-67 3.99221e-61 7.88692e-54 1.22981e-11 7.62705e-08 7.56564e-05 0.012847 0.446403 2.9638 18.5173 27.4578 22.6858 14.6054 7.98212 3.77468 1.55384 
-386 -7052 0 447.066 1.74867e-70 9.17671e-64 2.77666e-56 3.48585e-12 3.00655e-08 3.93293e-05 0.00834073 0.343396 2.52777 17.8633 27.7472 23.1705 14.8928 8.09112 3.80022 1.55527 
-1571 -7119 0 482.719 6.30396e-76 6.9439e-69 5.0664e-61 2.96593e-13 4.88965e-09 1.10019e-05 0.0036038 0.20659 1.86018 16.7175 28.4031 24.1185 15.3277 8.14153 3.72876 1.4926 
-2975 -6837 0 232.145 3.94557e-81 3.99922e-74 2.64298e-66 2.65083e-14 7.30794e-10 2.59306e-06 0.0012558 0.0994655 1.1044 13.2381 26.1047 24.2554 17.0828 10.2989 5.38686 2.42807 
-3985 -7032 0 90.5406 1.43373e-99 4.03347e-92 8.9561e-84 4.63607e-18 9.37216e-13 1.85374e-08 3.75548e-05 0.00935726 0.215904 6.88713 21.8142 24.6471 19.7982 13.7915 8.43301 4.40358 
-912 -8091 0 351.723 4.2287e-99 4.6951e-91 5.32184e-82 6.93193e-18 1.60924e-12 3.41218e-08 6.96424e-05 0.0166189 0.364016 10.0412 27.5299 27.2199 18.2462 9.98758 4.68224 1.91228 
-2740 -7676 0 256.753 8.11761e-100 7.05455e-92 5.97789e-83 4.80092e-18 1.15927e-12 2.56883e-08 5.49525e-05 0.013753 0.312085 9.16292 26.2704 26.8657 18.7834 10.8591 5.40242 2.33023 
-408 -8163 0 299.843 3.13705e-100 3.33656e-92 3.59383e-83 4.03424e-18 1.0434e-12 2.43763e-08 5.41441e-05 0.0138783 0.31879 9.42479 26.8662 27.1489 18.602 10.4604 5.04794 2.11711 
516 -8196 0 177.375 3.49238e-102 2.63877e-94 1.89378e-85 1.52151e-18 4.57437e-13 1.23657e-08 3.15291e-05 0.00917164 0.230268 7.86288 24.6244 26.4851 19.4764 11.9895 6.38707 2.9352 
-1996 -8080 0 328.717 1.99602e-104 3.60711e-96 7.29091e-87 5.79479e-19 2.45539e-13 8.6895e-09 2.6993e-05 0.00896072 0.241648 8.72628 27.013 27.7963 18.8825 10.4101 4.90742 2.01385 
-3285 -7770 0 176.488 9.0268e-109 1.31877e-100 2.07076e-91 7.00598e-20 4.4659e-14 2.28509e-09 9.81533e-06 0.0042959 0.139468 6.64128 24.1594 27.1826 20.1047 12.3041 6.49935 2.96479 
-1373 -8623 0 305.374 7.0564e-117 4.11084e-108 3.33611e-98 1.70598e-21 2.96291e-15 3.4823e-10 2.8931e-06 0.00208086 0.091413 6.22994 25.7663 29.0902 20.2161 11.186 5.26369 2.15434 
-513 -8874 0 244.677 3.47362e-122 2.6569e-113 2.97957e-103 1.35973e-22 4.17833e-16 8.04358e-11 1.00976e-06 0.00101322 0.0551832 5.05316 24.304 29.1929 21.0107 12.0321 5.86805 2.48297 
-4373 -8005 0 72.9087 6.60866e-132 3.11077e-123 1.96095e-113 1.05773e-24 8.06516e-18 3.5332e-12 9.16136e-08 0.000171328 0.0142302 2.48842 17.8436 26.5463 22.6259 15.8087 9.62922 5.04343 
-3113 -8613 0 183.529 2.07813e-131 2.72353e-122 5.7917e-112 1.65491e-24 1.38234e-17 6.30511e-12 1.62543e-07 0.00029092 0.0230095 3.51643 21.9858 29.3107 22.1695 13.2561 6.75744 2.98078 
320 -9209 0 150.985 1.26753e-133 1.62581e-124 3.37063e-114 5.55938e-25 5.78293e-18 3.20492e-12 9.77547e-08 0.000201451 0.0175029 3.07422 20.8554 28.9489 22.5234 13.8989 7.33585 3.34561 
-2400 -9001 0 233.063 3.27565e-136 8.6754e-127 4.25551e-116 1.78434e-25 2.65817e-18 1.96673e-12 7.47203e-08 0.000179859 0.0170832 3.27125 22.3875 30.2717 22.3843 12.8331 6.22086 2.61402 
-3940 -8702 0 107.704 9.66384e-146 2.40983e-136 1.10178e-125 1.60108e-27 6.15716e-20 1.05616e-13 8.28611e-09 3.66055e-05 0.00521184 1.81988 17.7681 28.6151 23.7332 15.3986 8.55732 4.10248 
-2634 -9422 0 197.494 1.07205e-152 9.8854e-143 2.13958e-131 6.7195e-29 6.22409e-21 2.20544e-14 3.06418e-09 2.07322e-05 0.00381966 1.79656 19.3292 30.8758 24.03 14.0821 6.93166 2.95084 
-4689 -8740 0 60.8507 6.60621e-160 2.62333e-150 2.09196e-139 1.51643e-30 2.57601e-22 1.61388e-15 3.78672e-10 4.10216e-06 0.00105208 0.855585 13.4839 26.9407 24.7779 17.5589 10.7301 5.65191 
-1203 -9950 0 201.237 2.71997e-161 5.24493e-151 2.73576e-139 1.10123e-30 2.68032e-22 2.16707e-15 5.94132e-10 6.88918e-06 0.00179038 1.3372 18.0995 31.3352 24.776 14.4524 7.03707 2.96075 
-312 -10143 0 154.324 1.96036e-166 4.16311e-156 2.44214e-144 8.66376e-32 3.58534e-23 4.61716e-16 1.88163e-10 3.0266e-06 0.00097643 0.999725 16.252 30.6506 25.3593 15.4263 7.85752 3.45358 
-2381 -9922 0 189.301 4.14572e-168 1.28896e-157 1.1908e-145 4.09392e-32 2.11462e-23 3.26275e-16 1.52955e-10 2.72434e-06 0.000933443 1.01911 16.8043 31.393 25.4063 14.9553 7.32463 3.09644 
-3312 -10060 0 136.607 1.51373e-183 1.02936e-172 2.44944e-160 2.128e-35 5.8278e-26 3.80709e-18 5.97807e-12 2.83294e-07 0.000183476 0.491386 13.2617 30.5335 26.793 16.6041 8.53712 3.77904 
-4101 -9790 0 94.1569 3.08667e-185 1.47917e-174 2.32595e-162 8.26902e-36 2.55769e-26 1.88692e-18 3.33661e-12 1.77067e-07 0.00012459 0.387061 11.7183 29.031 26.8753 17.6661 9.71871 4.60336 
-1941 -10478 0 175.285 1.4479e-185 1.56092e-174 6.44522e-162 8.62005e-36 3.09103e-26 2.51524e-18 4.68119e-12 2.50992e-07 0.000174823 0.50562 13.8602 31.5012 26.9108 16.0365 7.86526 3.32019 
247 -10694 0 104.827 3.04065e-188 2.07714e-177 5.00137e-165 1.98079e-36 8.73791e-27 8.69634e-19 1.96036e-12 1.25618e-07 9.94996e-05 0.360061 11.6816 29.4801 27.1351 17.5371 9.43635 4.36952 
-1150 -10702 0 160.551 5.72809e-190 7.61485e-179 4.061e-166 9.82819e-37 5.67638e-27 6.97815e-19 1.83543e-12 1.30252e-07 0.000108905 0.40787 12.9055 31.2012 27.2902 16.4952 8.19686 3.50306 
-3930 -10294 0 99.7242 3.35754e-201 5.281e-190 3.49411e-177 3.39943e-39 6.32037e-29 2.16669e-20 1.3654e-13 1.99532e-08 2.69214e-05 0.20397 9.8362 29.1511 28.0807 18.3145 9.85653 4.557 
-4863 -10037 0 58.1429 6.65482e-208 7.93199e-197 3.79085e-184 1.00622e-40 3.56936e-30 2.18886e-21 2.29882e-14 5.20319e-09 9.45885e-06 0.114382 7.52522 26.4831 28.0903 19.962 11.8127 6.01225 
-2558 -10954 0 143.996 8.70653e-210 3.92578e-198 9.16531e-185 5.59978e-41 2.92039e-30 2.38447e-21 3.03082e-14 7.6201e-09 1.44387e-05 0.168723 9.85494 30.6054 28.8398 17.7971 8.91107 3.82307 
-3363 -11091 0 113.656 1.4033e-224 1.22609e-212 6.22824e-199 3.26514e-44 8.58794e-33 2.84921e-23 1.17477e-15 7.67869e-10 2.71557e-06 0.077251 7.47784 29.1177 29.8119 19.1731 9.93849 4.40363 
-4352 -10849 0 76.9363 9.60739e-230 6.91662e-218 2.76868e-204 2.0963e-45 9.12172e-34 4.75995e-24 2.92042e-16 2.68258e-10 1.1963e-06 0.0489901 6.05269 27.0198 29.7989 20.3966 11.3137 5.36929 
-735 -11704 0 112.429 1.79431e-230 2.27668e-218 1.78649e-204 1.70187e-45 8.67168e-34 5.08329e-24 3.36636e-16 3.22008e-10 1.45727e-06 0.0585082 6.83835 28.8287 30.2054 19.5046 10.0998 4.46466 
-1732 -11606 0 130.944 1.92743e-230 2.99825e-218 2.99822e-204 1.8368e-45 9.61054e-34 5.71919e-24 3.80439e-16 3.62214e-10 1.62683e-06 0.0636063 7.1994 29.5492 30.3025 19.1143 9.63108 4.13979 
-2430 -11854 0 119.326 1.21264e-246 4.87001e-234 1.46727e-219 5.13718e-49 1.63658e-36 4.63068e-26 1.13279e-17 3.08499e-11 2.74365e-07 0.0281205 5.45162 28.3101 31.3082 20.1924 10.27 4.43956 
-5197 -11059 0 47.9173 3.32814e-254 5.98433e-242 6.88478e-228 7.39829e-51 4.55333e-38 2.38612e-27 1.02682e-18 4.64214e-12 5.90465e-08 0.0110759 3.36701 23.1972 30.3731 22.6463 13.5158 6.88946 
-2898 -11881 0 110.504 1.39857e-252 7.47898e-240 3.1458e-225 2.48333e-50 1.51956e-37 7.57295e-27 2.9808e-18 1.19506e-11 1.36885e-07 0.0201654 4.8203 27.58 31.5989 20.6908 10.6425 4.64731 
-3661 -12719 0 79.2606 9.82553e-301 7.07953e-287 6.42471e-271 5.0705e-61 6.40154e-46 3.2211e-33 6.07615e-23 5.62015e-15 4.999e-10 0.00137681 1.77572 22.2177 33.456 23.9145 12.8458 5.78892 
