#EAST NORTH ELEV Kg/m^2 [-8->-7) [-7->-6) [-6->-5) [-5->-4) [-4->-3) [-3->-2) [-2->-1) [-1->0) [0->1) [1->2) [2->3) [3->4) [4->5) [5->6) [6->7) [7->8) [8->9) [9->10) [10->11) (percent)
4105 1558 0 159.345 0.0696127 0.363263 1.41018 4.11607 9.1122 15.4036 19.9821 19.6317 13.238 10.0176 5.02792 1.57705 0.0499285 0.000736347 7.41802e-06 5.50103e-08 2.55349e-10 9.14655e-13 2.54016e-15 
1032 -4703 0 180.987 0.0579496 0.311125 1.23449 3.66294 8.20795 13.998 18.2748 18.0379 12.2206 14.1667 7.74057 2.03938 0.0468926 0.000654533 6.53995e-06 4.84418e-08 2.24821e-10 8.05287e-13 2.23642e-15 
1018 -4731 0 180.914 0.057607 0.309804 1.23085 3.65573 8.19777 13.9882 18.2689 18.0372 12.2231 14.1898 7.75264 2.04084 0.0469223 0.000654824 6.54263e-06 4.84614e-08 2.24912e-10 8.05612e-13 2.23733e-15 
5068 -1933 0 152.806 0.0548726 0.307602 1.26261 3.84461 8.7833 15.1939 20.0425 19.9307 13.5837 10.256 5.10675 1.58051 0.0521082 0.000768194 7.73605e-06 5.73652e-08 2.66277e-10 9.53798e-13 2.64887e-15 
5463 3958 0 134.37 0.0400833 0.248334 1.10428 3.57868 8.57208 15.3609 20.7945 21.0727 14.5994 9.0125 4.19789 1.36057 0.0571784 0.000869457 8.79166e-06 6.52298e-08 3.02807e-10 1.08466e-12 3.0123e-15 
3116 -6859 0 148.199 0.0296429 0.195541 0.91434 3.08263 7.61202 13.9571 19.2179 19.7221 13.828 12.9414 6.61456 1.82814 0.0558089 0.000797173 7.98411e-06 5.91565e-08 2.7456e-10 9.83452e-13 2.73122e-15 
5562 -5274 0 135.935 0.0298426 0.199015 0.939004 3.1889 7.91956 14.5846 20.1481 20.7262 14.558 10.7973 5.27035 1.57961 0.0585955 0.000864368 8.6977e-06 6.44867e-08 2.99327e-10 1.07218e-12 2.97763e-15 
-5132 -5822 0 195.324 0.0225892 0.151785 0.719959 2.45421 6.11137 11.2764 15.5992 16.0655 11.3107 21.7733 11.9961 2.47166 0.0466118 0.000613438 6.07002e-06 4.48967e-08 2.08325e-10 7.46181e-13 2.07227e-15 
-6347 -4763 0 200.696 0.0208279 0.141996 0.681392 2.34414 5.87896 10.9063 15.1484 15.6482 11.0477 22.949 12.6652 2.52141 0.0457954 0.000597891 5.9088e-06 4.36963e-08 2.02749e-10 7.26208e-13 2.0168e-15 
-7324 -4067 0 200.797 0.0178201 0.126133 0.623717 2.19742 5.61424 10.5639 14.8295 15.4408 10.98 23.9127 13.1013 2.54579 0.046086 0.000598319 5.9069e-06 4.36755e-08 2.02648e-10 7.25843e-13 2.01579e-15 
8211 3715 0 109.968 0.0208275 0.155862 0.807197 2.95375 7.77944 14.9894 21.4259 22.6074 16.2342 8.25077 3.54868 1.15845 0.0669496 0.0010569 1.07351e-05 7.9697e-08 3.69998e-10 1.32535e-12 3.68075e-15 
-579 -9332 0 149.724 0.0155411 0.119891 0.635239 2.36499 6.311 12.281 17.6846 18.7675 13.5688 17.1618 8.89872 2.13204 0.0579323 0.000795318 7.912e-06 5.85637e-08 2.71769e-10 9.73439e-13 2.7034e-15 
8623 4440 0 103.314 0.0167005 0.133009 0.723853 2.75569 7.4889 14.786 21.5321 23.0406 16.7555 8.14674 3.43369 1.11565 0.0704207 0.00112344 1.14245e-05 8.4828e-08 3.93827e-10 1.41071e-12 3.91781e-15 
7921 6027 0 101.534 0.0153196 0.124947 0.692851 2.67725 7.36207 14.6702 21.5147 23.1457 16.9144 8.22117 3.46798 1.12067 0.071661 0.00114332 1.1625e-05 8.63147e-08 4.00728e-10 1.43543e-12 3.98646e-15 
5213 -8892 0 116.082 0.0126423 0.106689 0.607133 2.39297 6.68155 13.471 19.9324 21.5914 15.8929 11.8687 5.74309 1.62948 0.0690754 0.00101467 1.01893e-05 7.55197e-08 3.5052e-10 1.25554e-12 3.48687e-15 
9665 -3611 0 101.723 0.013379 0.112987 0.643795 2.54144 7.10733 14.3499 21.2581 23.0462 16.9636 8.82331 3.85103 1.21481 0.0729247 0.00114473 1.16087e-05 8.61606e-08 3.9999e-10 1.43278e-12 3.97909e-15 
7108 8259 0 94.2472 0.0110233 0.0985469 0.587189 2.40145 6.90726 14.2579 21.4862 23.6 17.5765 8.36962 3.50945 1.11683 0.0767728 0.00123145 1.25238e-05 9.29886e-08 4.31712e-10 1.54642e-12 4.2947e-15 
5657 9823 0 92.2711 0.00935382 0.0874517 0.539476 2.26688 6.6607 13.9811 21.344 23.6792 17.8 8.68764 3.70243 1.16139 0.0790414 0.00125967 1.27948e-05 9.4983e-08 4.4096e-10 1.57954e-12 4.38667e-15 
-7890 -8798 0 162.013 0.00537278 0.0529445 0.3394 1.46645 4.39771 9.37196 14.4701 16.1997 12.309 25.7401 13.0822 2.50674 0.0575664 0.000744012 7.325e-06 5.41352e-08 2.51162e-10 8.99601e-13 2.49834e-15 
-3007 -11561 0 133.78 0.00587031 0.0586279 0.379905 1.65585 5.0011 10.7192 16.6257 18.6773 14.2303 20.129 10.1926 2.25725 0.0663956 0.000894737 8.8621e-06 6.5551e-08 3.04163e-10 1.08946e-12 3.0256e-15 
3719 -11816 0 103.423 0.00572373 0.0599564 0.403362 1.81097 5.60054 12.2327 19.2572 21.8825 16.8367 13.4656 6.60305 1.76166 0.0789148 0.00114349 1.14437e-05 8.4771e-08 3.93428e-10 1.40922e-12 3.91366e-15 
6680 -10811 0 92.8183 0.00526514 0.0571501 0.395296 1.81368 5.70603 12.6344 20.1046 23.0366 17.8557 11.3849 5.38879 1.53203 0.0842329 0.00126643 1.27403e-05 9.44451e-08 4.38373e-10 1.57023e-12 4.36081e-15 
6733 -10888 0 91.9941 0.00507526 0.0556758 0.388248 1.79253 5.66701 12.596 20.1033 23.0891 17.9351 11.3718 5.38033 1.52961 0.0849039 0.00127769 1.28544e-05 9.52912e-08 4.423e-10 1.5843e-12 4.39988e-15 
10984 -6743 0 81.7823 0.00512724 0.0567661 0.398913 1.85383 5.89365 13.1618 21.088 24.2916 18.9089 9.12678 3.9243 1.2 0.0889892 0.0014224 1.44381e-05 1.07168e-07 4.97516e-10 1.78212e-12 4.94928e-15 
8823 9798 0 74.9282 0.00462862 0.0530012 0.382372 1.81387 5.86138 13.2615 21.4688 24.9307 19.5447 8.28581 3.27443 1.02482 0.0924986 0.00154167 1.57432e-05 1.16954e-07 5.43017e-10 1.94514e-12 5.40202e-15 
-12776 -3717 0 161.675 0.00272559 0.03177 0.231695 1.10513 3.57768 8.0927 13.0861 15.1892 11.9381 29.4955 14.5936 2.59588 0.0592413 0.000749331 7.34592e-06 5.42543e-08 2.51691e-10 9.01484e-13 2.50356e-15 
1426 -13387 0 101.236 0.0035655 0.0422746 0.312709 1.50945 4.93648 11.2626 18.3416 21.4042 16.8871 15.5261 7.74719 1.94259 0.0828336 0.00117386 1.16995e-05 8.66117e-08 4.01935e-10 1.43968e-12 3.99823e-15 
12917 -5101 0 71.8202 0.00343483 0.0427654 0.328912 1.63807 5.49523 12.8018 21.2039 25.0716 19.9932 8.693 3.53698 1.09205 0.097541 0.00161187 1.643e-05 1.22021e-07 5.66519e-10 2.02931e-12 5.63579e-15 
-9130 -10475 0 141.127 0.00228444 0.0285748 0.22001 1.09385 3.65637 8.47986 13.9821 16.4796 13.1369 26.9651 13.3534 2.5345 0.0665626 0.000856444 8.41287e-06 6.21511e-08 2.88335e-10 1.03274e-12 2.86808e-15 
8142 -11371 0 80.5005 0.00315594 0.0398067 0.308988 1.54848 5.216 12.1839 20.2169 23.9408 19.1334 10.8227 5.03771 1.452 0.0947201 0.00145635 1.46848e-05 1.08892e-07 5.05447e-10 1.8105e-12 5.02808e-15 
5543 -13752 0 80.0365 0.00211612 0.0296782 0.249759 1.33031 4.69323 11.3605 19.3798 23.4602 19.1486 12.4857 6.09415 1.66573 0.0986929 0.00147353 1.47829e-05 1.09537e-07 5.08386e-10 1.821e-12 5.05724e-15 
-3741 -14454 0 105.089 0.00169826 0.0241779 0.205629 1.10297 3.90836 9.48562 16.2068 19.6462 16.0726 20.576 10.3875 2.29686 0.0844081 0.00114162 1.12863e-05 8.34525e-08 3.87206e-10 1.38689e-12 3.85162e-15 
14785 -3989 0 60.9128 0.00184411 0.0274894 0.242676 1.34199 4.87774 12.0953 21.0408 25.8674 21.3954 8.63535 3.3305 1.03104 0.110612 0.00189187 1.93604e-05 1.43859e-07 6.67956e-10 2.39269e-12 6.64496e-15 
8679 -12665 0 70.7013 0.00172648 0.0259157 0.229799 1.27381 4.63384 11.4887 19.9723 24.5431 20.3108 10.8706 5.07893 1.4622 0.106545 0.00165724 1.67196e-05 1.23984e-07 5.75503e-10 2.06144e-12 5.72498e-15 
-364 -15421 0 89.7174 0.00146524 0.0222469 0.198807 1.10739 4.03924 10.0266 17.4369 21.4362 17.7649 17.0787 8.69592 2.09547 0.0948506 0.00132973 1.32097e-05 9.77401e-08 4.53542e-10 1.62451e-12 4.51154e-15 
14220 -6956 0 59.4531 0.00144229 0.0230425 0.214439 1.23379 4.62023 11.7211 20.7543 25.8797 21.6991 9.0117 3.61407 1.11005 0.115077 0.00194368 1.98439e-05 1.474e-07 6.84361e-10 2.45144e-12 6.80811e-15 
13245 9635 0 52.5366 0.00112543 0.0193684 0.190862 1.14709 4.44158 11.5656 20.9066 26.5045 22.5645 8.55322 3.03555 0.945805 0.12196 0.00217926 2.24271e-05 1.66775e-07 7.7444e-10 2.77416e-12 7.7044e-15 
-5666 -15423 0 97.1359 0.000811893 0.0141568 0.140554 0.847217 3.27828 8.50993 15.3168 19.3549 16.4713 22.1995 11.3384 2.43424 0.0926428 0.00123949 1.22173e-05 9.02926e-08 4.18914e-10 1.50045e-12 4.16698e-15 
-9869 -13683 0 108.012 0.000587315 0.0109088 0.113627 0.709872 2.82081 7.46946 13.6487 17.4575 15.0333 26.6464 13.377 2.62395 0.0866925 0.00112168 1.09971e-05 8.12114e-08 3.76739e-10 1.34937e-12 3.74741e-15 
11915 -12177 0 56.5806 0.000788174 0.0149206 0.157989 1.00138 4.03142 10.8039 19.9572 25.7455 22.3045 10.0733 4.44929 1.33192 0.125811 0.00205689 2.08735e-05 1.54907e-07 7.19118e-10 2.5759e-12 7.15375e-15 
-5072 -17007 0 83.3218 0.000430327 0.0090823 0.104324 0.701776 2.9486 8.14703 15.3855 20.2047 17.8334 21.0258 11.0731 2.45827 0.106586 0.0014442 1.42425e-05 1.05262e-07 4.88367e-10 1.74921e-12 4.85784e-15 
-5488 -16970 0 83.7367 0.000407383 0.00871341 0.101106 0.685314 2.89572 8.03471 15.222 20.0414 17.7331 21.408 11.2773 2.48433 0.106487 0.00143803 1.41733e-05 1.04742e-07 4.85948e-10 1.74054e-12 4.83377e-15 
-9055 -15425 0 94.3044 0.000362647 0.00782199 0.0913238 0.621723 2.6349 7.32546 13.8961 18.3149 16.2259 25.1561 12.9802 2.64585 0.0980633 0.00128378 1.25948e-05 9.3015e-08 4.31499e-10 1.5455e-12 4.2921e-15 
9748 -15149 0 54.3484 0.000468799 0.0102637 0.121389 0.835854 3.57912 10.0463 19.2268 25.5194 22.7232 11.0393 5.23204 1.52875 0.134924 0.00215305 2.17486e-05 1.61288e-07 7.48665e-10 2.6817e-12 7.44756e-15 
13792 -11804 0 49.1106 0.000447925 0.0100042 0.120185 0.837729 3.62189 10.2459 19.7348 26.3292 23.5497 9.91721 4.20415 1.28655 0.139947 0.00236016 2.40357e-05 1.78456e-07 8.28493e-10 2.96771e-12 8.24188e-15 
8499 -16574 0 52.8027 0.000334565 0.00805105 0.102321 0.743545 3.31387 9.5842 18.7642 25.3649 22.9859 11.6229 5.71809 1.64842 0.14099 0.00222255 2.23952e-05 1.6602e-07 7.70587e-10 2.76021e-12 7.66559e-15 
16488 -9307 0 43.1002 0.000298004 0.00750654 0.0988641 0.738585 3.36381 9.89839 19.6555 26.8746 24.6009 9.66496 3.76146 1.18091 0.151518 0.00267107 2.73618e-05 2.03315e-07 9.44012e-10 3.38155e-12 9.39121e-15 
15407 -13387 0 38.5781 0.00012786 0.00410445 0.0650048 0.557533 2.81307 8.93227 18.7859 26.8987 25.7367 10.3589 4.30966 1.3632 0.171815 0.00299593 3.05885e-05 2.27168e-07 1.05468e-09 3.77793e-12 1.0492e-14 
17044 -12436 0 34.9545 8.54132e-05 0.00308418 0.0534284 0.490164 2.60037 8.57165 18.5455 27.1655 26.5579 10.3812 4.1151 1.32894 0.183771 0.0032937 3.37419e-05 2.507e-07 1.164e-09 4.16957e-12 1.15797e-14 
18207 -11293 0 33.07 7.03252e-05 0.00268785 0.0486249 0.460868 2.5051 8.40887 18.4455 27.3191 26.9879 10.3797 3.95594 1.29221 0.189924 0.00347101 3.56501e-05 2.64972e-07 1.23033e-09 4.40718e-12 1.22396e-14 
-22337 1565 0 72.5037 2.38554e-05 0.00109666 0.0227765 0.238783 1.39471 4.92128 11.1668 16.9879 17.2407 28.2428 16.3765 3.27277 0.132112 0.00168774 1.64103e-05 1.21014e-07 5.61261e-10 2.01022e-12 5.58267e-15 
-25394 -820 0 57.1691 2.98829e-06 0.000248038 0.0080701 0.118364 0.886481 3.75664 9.75882 16.535 18.5456 27.806 18.577 3.8368 0.168761 0.00215205 2.08317e-05 1.53495e-07 7.11823e-10 2.54943e-12 7.08013e-15 
-29111 -6009 0 39.8848 1.00624e-07 2.19335e-05 0.00148403 0.0376016 0.421764 2.40425 7.76163 15.634 20.5003 25.7829 22.2795 4.93108 0.242379 0.00310741 2.9899e-05 2.20056e-07 1.02032e-09 3.65425e-12 1.01483e-14 
